          20
 time   1.99999999999617      nondimensional
 P U V 
  1.063038546078587E-016  0.000000000000000E+000  0.000000000000000E+000
 -2.246193231010564E-004  0.000000000000000E+000  0.000000000000000E+000
 -9.017083682222640E-004  0.000000000000000E+000  0.000000000000000E+000
 -1.948242700727190E-003  0.000000000000000E+000  0.000000000000000E+000
 -3.239604664094716E-003  0.000000000000000E+000  0.000000000000000E+000
 -4.731364638995146E-003  0.000000000000000E+000  0.000000000000000E+000
 -6.419627129591593E-003  0.000000000000000E+000  0.000000000000000E+000
 -8.292072543419694E-003  0.000000000000000E+000  0.000000000000000E+000
 -1.027469839736619E-002  0.000000000000000E+000  0.000000000000000E+000
 -1.216458627261631E-002  0.000000000000000E+000  0.000000000000000E+000
 -1.353070495844751E-002  0.000000000000000E+000  0.000000000000000E+000
 -1.355594576257473E-002  0.000000000000000E+000  0.000000000000000E+000
 -1.078441754331307E-002  0.000000000000000E+000  0.000000000000000E+000
 -2.742602723307556E-003  0.000000000000000E+000  0.000000000000000E+000
  1.454888993694689E-002  0.000000000000000E+000  0.000000000000000E+000
  4.708627163367141E-002  0.000000000000000E+000  0.000000000000000E+000
  0.103445151462816       0.000000000000000E+000  0.000000000000000E+000
  0.196017617154107       0.000000000000000E+000  0.000000000000000E+000
  0.343642695160878       0.000000000000000E+000  0.000000000000000E+000
  0.554861485389660       0.000000000000000E+000  0.000000000000000E+000
  0.675639929426184       0.000000000000000E+000  0.000000000000000E+000
  1.122784035568657E-004  0.000000000000000E+000  0.000000000000000E+000
 -1.023294070968780E-006 -2.794420691736770E-004  2.025675029754741E-004
 -6.320087057217594E-004  4.339403866530756E-004 -6.876734157085309E-004
 -1.555979609124734E-003  1.382100113871202E-003 -3.151091108310531E-003
 -2.675302673168273E-003  2.400705703742712E-003 -7.380282434661573E-003
 -3.952316769228244E-003  3.565670692122793E-003 -1.362289531271909E-002
 -5.379402587639406E-003  5.039723001526025E-003 -2.232987770478836E-002
 -6.940337026061637E-003  7.016259701391652E-003 -3.420801710106171E-002
 -8.566409267360102E-003  9.703147113892389E-003 -5.021986275752158E-002
 -1.007876438809427E-002  1.332054075674806E-002 -7.153876330727216E-002
 -1.109933975427030E-002  1.810094504336553E-002 -9.943916080766772E-002
 -1.090317984959783E-002  2.428245021423425E-002 -0.135078390812552     
 -8.178123774065418E-003  3.206762884602576E-002 -0.179115482706265     
 -6.719294186047645E-004  4.146252798446392E-002 -0.231134702012792     
  1.522539730268445E-002  5.183944945334626E-002 -0.288896146889395     
  4.480548641950233E-002  6.107565031490923E-002 -0.347451449716405     
  9.509575228295548E-002  6.411191832042469E-002 -0.398012386189715     
  0.174628018672592       4.990439598732765E-002 -0.426032597002413     
  0.292416576770770      -8.851115039461885E-003 -0.407008042913848     
  0.444893225564099      -0.201730153695307      -0.296030436666847     
  0.263903782303670       -1.00000000000000       0.000000000000000E+000
  4.368251260308265E-004  0.000000000000000E+000  0.000000000000000E+000
  6.097992421827590E-004  6.876734162159035E-004 -7.540869970272878E-004
  5.912743491799534E-006  3.353658611284216E-003 -3.844153349200950E-003
 -7.244586794092968E-004  6.692609018959064E-003 -9.686072133956235E-003
 -1.545141706747688E-003  1.047180420439420E-002 -1.864337384115262E-002
 -2.448051596680396E-003  1.494959527011131E-002 -3.124628991888043E-002
 -3.442476213973325E-003  2.058512178834671E-002 -4.829917534155012E-002
 -4.537945946596771E-003  2.788998505273278E-002 -7.088711499194449E-002
 -5.721316508626461E-003  3.733074620619105E-002 -0.100276274534841     
 -6.918590653131556E-003  4.921929805022336E-002 -0.137680308369228     
 -7.920812473796231E-003  6.353962750537766E-002 -0.183850088246496     
 -8.245328228079734E-003  7.967632189867013E-002 -0.238460181715876     
 -6.909796949486148E-003  9.605631120036831E-002 -0.299339664155166     
 -2.134163021998417E-003  0.109780664183133      -0.361723519828822     
  8.926663233406951E-003  0.116316747703615      -0.417811346916599     
  3.018464604755294E-002  0.109116239300386      -0.456879927341238     
  6.598772861232412E-002  7.858114728602161E-002 -0.465934825968715     
  0.119320712443637       8.995656723856684E-003 -0.430656828077561     
  0.187903720494598      -0.130002160337316      -0.337144024643689     
  0.257472161016977      -0.407008042914706      -0.179497912101569     
  0.144857474267232       -1.00000000000000       0.000000000000000E+000
  8.717613031952408E-004  0.000000000000000E+000  0.000000000000000E+000
  1.396771326669667E-003  3.564711280027050E-003 -1.984755127283166E-003
  7.312172467869048E-004  9.365925523577708E-003 -7.558683963399329E-003
  1.050205355142156E-004  1.618132060580946E-002 -1.676062608919541E-002
 -5.184561505314461E-004  2.396092348866447E-002 -2.993271272587848E-002
 -1.188302688033288E-003  3.322147219257364E-002 -4.769367044530216E-002
 -1.974535093114817E-003  4.468054807469395E-002 -7.089484290614578E-002
 -2.973062360401082E-003  5.899335889471638E-002 -0.100490032615899     
 -4.303833164144902E-003  7.649634049115395E-002 -0.137268244121319     
 -6.086666775897076E-003  9.689435446841478E-002 -0.181417913713504     
 -8.366326370853203E-003  0.118880818390089      -0.231940663351836     
 -1.095517863413871E-002  0.139772026122975      -0.286032949104773     
 -1.318497160545172E-002  0.155330966958983      -0.338680542290426     
 -1.362263141962130E-002  0.159934210745822      -0.382763289293983     
 -9.903015505403245E-003  0.146995856965703      -0.409828804598806     
  1.072136139122595E-003  0.109199129366894      -0.411392661592479     
  2.227152098504497E-002  3.788881905643566E-002 -0.380421902414988     
  5.471714969230683E-002 -7.888640533811579E-002 -0.312923687820598     
  9.458788896763261E-002 -0.260010031016323      -0.210703309130349     
  0.129545381987097      -0.538874178339033      -8.918060708813971E-002
  7.179936718945845E-002  -1.00000000000000       0.000000000000000E+000
  1.247635363945500E-003  0.000000000000000E+000  0.000000000000000E+000
  2.069938962284060E-003  8.246357379616931E-003 -3.003408087723126E-003
  1.326243397255389E-003  1.812952957317612E-002 -1.055989935436080E-002
  7.400965253149617E-004  2.906663778137708E-002 -2.223616423330352E-002
  1.995974970922501E-004  4.140484856047805E-002 -3.816673763675317E-002
 -4.185936197381297E-004  5.591172545040893E-002 -5.880082613026885E-002
 -1.275376190871174E-003  7.338148395889216E-002 -8.469238258214937E-002
 -2.592794267444316E-003  9.426338626787767E-002 -0.116234522164921     
 -4.664638788990809E-003  0.118258627303800      -0.153289919028980     
 -7.828617700073887E-003  0.143891717280500      -0.194735049685845     
 -1.236167767488820E-002  0.168154662896632      -0.238029364125803     
 -1.826673142714971E-002  0.186416200837427      -0.279016798579641     
 -2.496682953056948E-002  0.192786651389513      -0.312193352846968     
 -3.101660029222994E-002  0.180928926491466      -0.331550907259869     
 -3.403859464465817E-002  0.144946120001997      -0.331847089077943     
 -3.111059774606151E-002  7.970933711628689E-002 -0.309908979743316     
 -1.973919685943990E-002 -1.988782648615864E-002 -0.265548031047425     
  5.304603049111753E-004 -0.160722936560868      -0.201930946547188     
  2.585275555003043E-002 -0.353745241069040      -0.125871389372198     
  4.572986167887135E-002 -0.617711352044431      -4.977847829886761E-002
  2.625650429977822E-002  -1.00000000000000       0.000000000000000E+000
  1.430392647186443E-003  0.000000000000000E+000  0.000000000000000E+000
  2.393579071433164E-003  1.412461063437805E-002 -3.547517737084002E-003
  1.604336221211231E-003  2.859868166912440E-002 -1.208788360469774E-002
  1.016869011666260E-003  4.378815888819924E-002 -2.478841320241713E-002
  4.523084138075464E-004  6.052558538571549E-002 -4.147453415259938E-002
 -2.903783712684914E-004  7.974711713813362E-002 -6.224235965647872E-002
 -1.472386281433380E-003  0.102114244109488      -8.714809223722907E-002
 -3.447805938193936E-003  0.127590895341684      -0.115891715221635     
 -6.670442969469979E-003  0.154996868012080      -0.147480127202874     
 -1.163804617515367E-002  0.181633799564990      -0.179933291947415     
 -1.873075608719253E-002  0.203162567283908      -0.210171509670683     
 -2.792956788338043E-002  0.213936014844339      -0.234248497639084     
 -3.848320546614126E-002  0.207865075639177      -0.248020971544581     
 -4.870048287338035E-002  0.179587946976574      -0.248162826412351     
 -5.608746474648965E-002  0.125353929448807      -0.233216919231179     
 -5.794032959698943E-002  4.290007133626372E-002 -0.204252854211121     
 -5.231596205147707E-002 -7.008921413945422E-002 -0.164739508430617     
 -3.925428280096640E-002 -0.218563047013076      -0.119468249731140     
 -2.221146945568696E-002 -0.412162499264442      -7.297318043808346E-002
 -9.100694159199873E-003 -0.664745567711027      -2.949468974987977E-002
 -2.406489939747552E-003  -1.00000000000000       0.000000000000000E+000
  1.345199891752352E-003  0.000000000000000E+000  0.000000000000000E+000
  2.232842871084858E-003  2.033424098428622E-002 -3.522421090392430E-003
  1.456786288284908E-003  3.937042503842773E-002 -1.185962146048497E-002
  8.496644471202991E-004  5.845328832919371E-002 -2.395992696251569E-002
  1.836491893424091E-004  7.885879501449786E-002 -3.934998216203450E-002
 -8.084575934294300E-004  0.101585283535063      -5.772980162274757E-002
 -2.473856677762503E-003  0.127030839523833      -7.865826360765035E-002
 -5.268366197126494E-003  0.154595421233506      -0.101283785325025     
 -9.742559896399819E-003  0.182300204029837      -0.124135447141688     
 -1.644331905068959E-002  0.206583099748299      -0.145046260701547     
 -2.569786695597253E-002  0.222469868588353      -0.161309195278287     
 -3.730326750606677E-002  0.224265662711410      -0.170134768776004     
 -5.024453065543850E-002  0.206700980162848      -0.169370550420326     
 -6.264328885284001E-002  0.166124874178055      -0.158289268554133     
 -7.209108447797509E-002  0.101036147800595      -0.138130378169237     
 -7.632203424704803E-002  1.123192631586300E-002 -0.112062323726267     
 -7.399368889714350E-002 -0.104672430965817      -8.433590030813609E-002
 -6.541102732217813E-002 -0.252489264553340      -5.864081889214225E-002
 -5.328362343286649E-002 -0.443718801050298      -3.626854045327016E-002
 -4.332443626134365E-002 -0.690684532482228      -1.600720306611490E-002
 -1.990011408833819E-002  -1.00000000000000       0.000000000000000E+000
  9.837638184953311E-004  0.000000000000000E+000  0.000000000000000E+000
  1.571570863568382E-003  2.598423209482707E-002 -2.973603485996723E-003
  8.756008235803185E-004  4.903618754118545E-002 -1.000776057346989E-002
  2.546246402875251E-004  7.127851958966056E-002 -2.005500538129402E-002
 -5.444460886984792E-004  9.429546004577334E-002 -3.244704873323738E-002
 -1.831462844751069E-003  0.119055398583472      -4.657111252918497E-002
 -4.006760102697210E-003  0.145668227811112      -6.163166283562851E-002
 -7.574514572251888E-003  0.173068078875543      -7.648855626148690E-002
 -1.310045824632713E-002  0.198759343388922      -8.959998159631083E-002
 -2.107636836678575E-002  0.218807547701605      -9.912167001602960E-002
 -3.168017595872141E-002  0.228251075358371      -0.103204262067182     
 -4.449109267691172E-002  0.221997369986372      -0.100473680742346     
 -5.830795633579275E-002  0.196019575417555      -9.058347183547823E-002
 -7.124511321682696E-002  0.148347774725568      -7.463675110434798E-002
 -8.116557168256805E-002  7.912698462071056E-002 -5.524937491588405E-002
 -8.629740737149988E-002 -1.089440652498693E-002 -3.609473981317286E-002
 -8.576365887719377E-002 -0.123510718973666      -2.089201346844191E-002
 -7.992142463345861E-002 -0.266630406867977      -1.191684560417640E-002
 -7.073681051734736E-002 -0.454796115090583      -8.368293000056107E-003
 -6.228819887859115E-002 -0.701014108164313      -5.790048261122196E-003
 -2.945291388995063E-002  -1.00000000000000       0.000000000000000E+000
  3.953869105761889E-004  0.000000000000000E+000  0.000000000000000E+000
  4.986873682456758E-004  3.034200155773505E-002 -2.045320650823918E-003
 -5.532403517729965E-005  5.645182693367133E-002 -6.957021556215203E-003
 -6.623774330016295E-004  8.089257648896145E-002 -1.389551757458129E-002
 -1.577341787489500E-003  0.105374902162416      -2.214849625007710E-002
 -3.124283843405746E-003  0.130769897637373      -3.094339957451328E-002
 -5.717019257169702E-003  0.156948283255965      -3.932604787391640E-002
 -9.852879522951314E-003  0.182563739994240      -4.612157027333961E-002
 -1.604597762459993E-002  0.204933317784516      -5.000538330868208E-002
 -2.467381254286317E-002  0.220187380219144      -4.970680942381655E-002
 -3.574781035238730E-002  0.223821879314646      -4.433668837847853E-002
 -4.868675677923463E-002  0.211644872479754      -3.377297218478997E-002
 -6.223365930714053E-002  0.180864050524970      -1.897554490661292E-002
 -7.463918983764332E-002  0.130790777258278      -2.075465405606370E-003
 -8.409951616275937E-002  6.249413650921468E-002  1.386655895179520E-002
 -8.925938453195219E-002 -2.312543513163268E-002  2.542763429596357E-002
 -8.954389361242808E-002 -0.128850325174814       2.965245238069178E-002
 -8.527246094913782E-002 -0.265012985021637       2.520050257759841E-002
 -7.781981242530027E-002 -0.449845598393387       1.395836511906584E-002
 -7.005621465514750E-002 -0.699052825482291       2.491767863027074E-003
 -3.328370507321587E-002  -1.00000000000000       0.000000000000000E+000
 -3.340713467190350E-004  0.000000000000000E+000  0.000000000000000E+000
 -8.293962439796334E-004  3.294125365103444E-002 -9.258722317060340E-004
 -1.193925774662506E-003  6.088638446485965E-002 -3.266649198193552E-003
 -1.744887866732591E-003  8.646999428350216E-002 -6.528862660142711E-003
 -2.720913530016739E-003  0.111343342045781      -1.010354345025326E-002
 -4.434860061277553E-003  0.136232950207320      -1.322204548098255E-002
 -7.279694804741227E-003  0.160846398509901      -1.495347338455314E-002
 -1.170513242317103E-002  0.183747414310315      -1.427202413353122E-002
 -1.813718624338954E-002  0.202344582539460      -1.021455044844096E-002
 -2.682695335817174E-002  0.213138852771424      -2.126071994587248E-003
 -3.765316541629246E-002  0.212317238119313       1.004754347001766E-002
 -4.995870702791075E-002  0.196636226514620       2.550561919204638E-002
 -6.253602888811360E-002  0.164322068638432       4.249023557457310E-002
 -7.383762653553559E-002  0.115505670866957       5.842289336434152E-002
 -8.236558967537586E-002  5.162388491907072E-002  7.027574137652741E-002
 -8.706608124620989E-002 -2.668029995382485E-002  7.506861430313369E-002
 -8.754189340275779E-002 -0.123283587255319       7.042375931089714E-002
 -8.405437131233329E-002 -0.250936319606397       5.543937289058561E-002
 -7.754411125880967E-002 -0.432087380376006       3.245804815412212E-002
 -6.997237206665434E-002 -0.687055743045217       9.493773605480003E-003
 -3.312380780109798E-002  -1.00000000000000       0.000000000000000E+000
 -1.107249671189968E-003  0.000000000000000E+000  0.000000000000000E+000
 -2.234901701676357E-003  3.360865075591452E-002  2.042634192078146E-004
 -2.382664050076998E-003  6.205481736207286E-002  5.147030096392714E-004
 -2.832619324280473E-003  8.772947074102450E-002  1.025207495445895E-003
 -3.797122569810969E-003  0.112068084983285       2.134845201914449E-003
 -5.560705012236574E-003  0.135619827571674       4.475847998216568E-003
 -8.473543299081468E-003  0.157998261908520       8.821422917394798E-003
 -1.291708507197727E-002  0.177824817058119       1.594372106861357E-002
 -1.922112480354773E-002  0.192787365645582       2.641075718466523E-002
 -2.752823937599931E-002  0.199925286300699       4.034070891697542E-002
 -3.763504104553646E-002  0.196190188128014       5.716862336178838E-002
 -4.888012444190896E-002  0.179202180375271       7.551003190030385E-002
 -6.016467822719153E-002  0.147946776352746       9.320447426671724E-002
 -7.015019011969628E-002  0.103005271456161       0.107566578963028     
 -7.758265180300980E-002  4.584841557022693E-002  0.115769241507471     
 -8.160455410850817E-002 -2.327345306605930E-002  0.115208309011844     
 -8.190963888081759E-002 -0.109221083762252       0.103815957418545     
 -7.869867599747873E-002 -0.227047273864780       8.074873930082940E-002
 -7.259436578361911E-002 -0.403899999108207       4.836857412017927E-002
 -6.485689720491045E-002 -0.666594777328172       1.568154347856781E-002
 -3.039591222479097E-002  -1.00000000000000       0.000000000000000E+000
 -1.836390377230474E-003  0.000000000000000E+000  0.000000000000000E+000
 -3.557910609960696E-003  3.242655064137896E-002  1.207553685756767E-003
 -3.484400726804969E-003  6.006544038861421E-002  3.948663019156609E-003
 -3.797781717024327E-003  8.484985209123877E-002  7.942127294563128E-003
 -4.681506238712523E-003  0.107892701543029       1.332859698465918E-002
 -6.384249505400650E-003  0.129546372491881       2.052375006849069E-002
 -9.204888112306285E-003  0.149378525439572       3.006608121436903E-002
 -1.345353521419236E-002  0.166158080043059       4.243491143914678E-002
 -1.937424133428336E-002  0.177947594691105       5.783516844899880E-002
 -2.703089126024402E-002  0.182380986594269       7.597472161173101E-002
 -3.618424472297634E-002  0.177147915135907       9.589021378910746E-002
 -4.621535621993360E-002  0.160600375609743       0.115893050853890     
 -5.615663996992762E-002  0.132265521575813       0.133688461616568     
 -6.485741286908173E-002  9.294090362613074E-002  0.146655024921919     
 -7.124365369666506E-002  4.398215487016630E-002  0.152178184301764     
 -7.457171218077102E-002 -1.472701586488333E-002  0.147884096750438     
 -7.456248365893779E-002 -8.882401754420109E-002  0.131767970168124     
 -7.134687273618753E-002 -0.195488936307896       0.102733323988192     
 -6.529319552934422E-002 -0.367020184553835       6.277213155020295E-002
 -5.708991299845476E-002 -0.638687168925175       2.150175952300602E-002
 -2.628399094406206E-002  -1.00000000000000       0.000000000000000E+000
 -2.455786434072991E-003  0.000000000000000E+000  0.000000000000000E+000
 -4.679541601533643E-003  2.965998773674801E-002  2.002574173358748E-003
 -4.402502520503159E-003  5.532024375328602E-002  6.749611545761145E-003
 -4.562122663407627E-003  7.834953677553666E-002  1.366401130479444E-002
 -5.315215651753364E-003  9.948646220935498E-002  2.263668103841176E-002
 -6.874854162787256E-003  0.118882343342006       3.384276379824952E-002
 -9.490630609991554E-003  0.136087100537935       4.756263790984391E-002
 -1.340982665499102E-002  0.150055729823508       6.399026929188040E-002
 -1.880989897215702E-002  0.159247555473036       8.303005881186497E-002
 -2.570619698072620E-002  0.161870240960610       0.104108291931163     
 -3.385813080331732E-002  0.156271858885759       0.126047842683538     
 -4.271462654866881E-002  0.141403932547862       0.147060685886784     
 -5.144140363109215E-002  0.117184802284811       0.164887000486227     
 -5.904813151287275E-002  8.451554877087966E-002  0.177047795946556     
 -6.458983509165300E-002  4.461934374170787E-002  0.181101651569097     
 -6.737694274105092E-002 -2.863238932398603E-003  0.174764688100814     
 -6.710655358755677E-002 -6.407031100007010E-002  0.155887407295527     
 -6.381509685048177E-002 -0.158051435246902       0.122823880041846     
 -5.762291580812051E-002 -0.322668434643176       7.674999806533170E-002
 -4.868515989228700E-002 -0.603822645778065       2.746856290176596E-002
 -2.177962649858917E-002  -1.00000000000000       0.000000000000000E+000
 -2.924883467768268E-003  0.000000000000000E+000  0.000000000000000E+000
 -5.527693748661398E-003  2.567693909561981E-002  2.557304221988892E-003
 -5.084237993315691E-003  4.840400325725305E-002  8.774308467200235E-003
 -5.095281715563458E-003  6.896278259863320E-002  1.788580224379456E-002
 -5.695393606597257E-003  8.771394904953926E-002  2.958659046688546E-002
 -7.067138813890697E-003  0.104620415620514       4.383504394894092E-002
 -9.419179121882846E-003  0.119231019946014       6.067250654338358E-002
 -1.295004701863484E-002  0.130690659141040       8.004473429704333E-002
 -1.779145014188015E-002  0.137829572051799       0.101626810663247     
 -2.393544416104783E-002  0.139363202722576       0.124673202214751     
 -3.116311351758407E-002  0.134195521180304       0.147930529865122     
 -3.900336112298390E-002  0.121761217807133       0.169650613872483     
 -4.675051639196957E-002  0.102278411516132       0.187715353131439     
 -5.355382440308777E-002  7.672625254330195E-002  0.199833306694561     
 -5.856599174280371E-002  4.626526271604366E-002  0.203709013654101     
 -6.111404276125308E-002  1.048722840875275E-002  0.197057732340817     
 -6.083061815009023E-002 -3.688320948528053E-002  0.177428582333661     
 -5.761898943277112E-002 -0.116351527077672       0.142318027188735     
 -5.129756918022613E-002 -0.271664867413657       9.147963049048774E-002
 -4.139419078968606E-002 -0.561937170859709       3.424929209081012E-002
 -1.773706065346224E-002  -1.00000000000000       0.000000000000000E+000
 -3.224446996771672E-003  0.000000000000000E+000  0.000000000000000E+000
 -6.069858078956758E-003  2.088567926961906E-002  2.868453540181208E-003
 -5.512099468035551E-003  3.999174573154077E-002  9.972528598640489E-003
 -5.400604935266903E-003  5.753725477583194E-002  2.047777586584977E-002
 -5.852737516440689E-003  7.353722050422551E-002  3.396518640888806E-002
 -7.028127059162411E-003  8.779642726557307E-002  5.023235169646606E-002
 -9.105606108990064E-003  9.987741018991017E-002  6.912810558712140E-002
 -1.225018977109545E-002  0.109101425703727       9.040246651791298E-002
 -1.656642513183123E-002  0.114619087555329       0.113569166011058     
 -2.204195502097255E-002  0.115566521758757       0.137795693237182     
 -2.849382284843312E-002  0.111294447228122       0.161847104901147     
 -3.553647017260100E-002  0.101619109281616       0.184106775077146     
 -4.258965331527538E-002  8.700210946283715E-002  0.202674005088314     
 -4.893483740157707E-002  6.852188824831808E-002  0.215497185461921     
 -5.381497549987335E-002  4.739491809559384E-002  0.220454720462212     
 -5.656258750164769E-002  2.341719238809070E-002  0.215260676109045     
 -5.672201350160266E-002 -9.330605848008024E-003  0.197096667013519     
 -5.402356663719086E-002 -7.210248340358534E-002  0.162301125035955     
 -4.787591425580761E-002 -0.214599699545123       0.108323572560733     
 -3.686687377193856E-002 -0.512343015287491       4.281072035400907E-002
 -1.495737570734796E-002  -1.00000000000000       0.000000000000000E+000
 -3.349980895198605E-003  0.000000000000000E+000  0.000000000000000E+000
 -6.300654520724138E-003  1.570441049701149E-002  2.934397151721234E-003
 -5.690014986143392E-003  3.079468093155684E-002  1.031915374573553E-002
 -5.495941449942170E-003  4.497012478833217E-002  2.137578822362148E-002
 -5.824992250827297E-003  5.795937321904128E-002  3.566598484120954E-002
 -6.823009211262074E-003  6.945749644224503E-002  5.289620512166428E-002
 -8.650619302584130E-003  7.906090512444786E-002  7.278063029841159E-002
 -1.145304293578665E-002  8.624959871724397E-002  9.492970737194575E-002
 -1.532213397144141E-002  9.043634533249950E-002  0.118754858328075     
 -2.025366912764166E-002  9.108526383235560E-002  0.143398224016450     
 -2.610835877225980E-002  8.788443934034260E-002  0.167704970656064     
 -3.258843014290038E-002  8.093431762000068E-002  0.190251145868587     
 -3.923999560123298E-002  7.088800113141866E-002  0.209419793288140     
 -4.548451774049894E-002  5.894553716941773E-002  0.223483865791622     
 -5.067554077034871E-002  4.650177206892032E-002  0.230612189406631     
 -5.417730106472880E-002  3.384528185737833E-002  0.228662708499153     
 -5.545851803801848E-002  1.607634158777677E-002  0.214566873902655     
 -5.406872115756573E-002 -2.757843262479034E-002  0.183335136330951     
 -4.889634339529838E-002 -0.152174462731761       0.128891780137777     
 -3.691299530013720E-002 -0.453613598298980       5.471444826538768E-002
 -1.434178466783457E-002  -1.00000000000000       0.000000000000000E+000
 -3.307431375786982E-003  0.000000000000000E+000  0.000000000000000E+000
 -6.232927995535647E-003  1.056652552385687E-002  2.731657374992583E-003
 -5.631566085409997E-003  2.155035465964358E-002  9.756605084333573E-003
 -5.395999572300719E-003  3.219042368038678E-002  2.048459372066112E-002
 -5.632780368407726E-003  4.201680360632227E-002  3.454648315515483E-002
 -6.485156782081221E-003  5.068178180834458E-002  5.162203459373058E-002
 -8.106722704370102E-003  5.784390793945800E-002  7.134647775348166E-002
 -1.063387311220706E-002  6.312719767417374E-002  9.324366697472508E-002
 -1.415547996057947E-002  6.615057091071136E-002  0.116672666400134     
 -1.868190140777947E-002  6.661640943049875E-002  0.140794780839998     
 -2.411906404589209E-002  6.444152537595292E-002  0.164574469485690     
 -3.025496402302335E-002  5.990428664958173E-002  0.186822121490496     
 -3.676348285174790E-002  5.376938953982850E-002  0.206268842150447     
 -4.322396716385161E-002  4.732949212984705E-002  0.221632896249303     
 -4.914893150780017E-002  4.221607538805740E-002  0.231592016855467     
 -5.401542653528869E-002  3.946250789202004E-002  0.234496477396295     
 -5.730769079047729E-002  3.599696632020711E-002  0.227490301348761     
 -5.848397339505787E-002  1.357261036133308E-002  0.204561950268615     
 -5.597577206203784E-002 -8.597901147966761E-002  0.154850592399647     
 -4.399022561848742E-002 -0.383451235149956       7.271644824540578E-002
 -1.724949385310348E-002  -1.00000000000000       0.000000000000000E+000
 -3.116464709364455E-003  0.000000000000000E+000  0.000000000000000E+000
 -5.901074358131128E-003  5.947805412713780E-003  2.211300531204533E-003
 -5.356225077386450E-003  1.304174458591690E-002  8.190270705874341E-003
 -5.101234047955762E-003  2.018024671748845E-002  1.765770269949295E-002
 -5.262003774250216E-003  2.682193234614276E-002  3.037049731295470E-002
 -5.993204040593329E-003  3.265750184396633E-002  4.602540621951273E-002
 -7.451775761363503E-003  3.743927274333124E-002  6.422700410703790E-002
 -9.773287667676701E-003  4.092341007069261E-002  8.446470328114963E-002
 -1.304884434418029E-002  4.288523146717596E-002  0.106094165864173     
 -1.730400761141535E-002  4.318346074668271E-002  0.128335045811589     
 -2.248423491254665E-002  4.185709868989901E-002  0.150299164595668     
 -2.845236612115444E-002  3.923994495532905E-002  0.171056988392301     
 -3.500136382193329E-002  3.607722637262831E-002  0.189735706952133     
 -4.187969219589582E-002  3.362236246440239E-002  0.205616531141655     
 -4.881982212849524E-002  3.363819092198431E-002  0.218152048842474     
 -5.555816954733991E-002  3.794699736412423E-002  0.226719077921443     
 -6.184028115367000E-002  4.601086871551510E-002  0.229638694395772     
 -6.735375743973696E-002  4.506127632431230E-002  0.221318740641624     
 -7.069168422684260E-002 -2.032896070865960E-002  0.186372850557306     
 -6.233890889583748E-002 -0.298763005899648       0.101772364849644     
 -2.658300201570418E-002  -1.00000000000000       0.000000000000000E+000
 -2.825677176094374E-003  0.000000000000000E+000  0.000000000000000E+000
 -5.382645410247631E-003  2.376254817995222E-003  1.348115743396267E-003
 -4.896583533480782E-003  6.103952491339138E-003  5.601402707779347E-003
 -4.596053326518759E-003  1.001019707336194E-002  1.283440121766305E-002
 -4.655899507393354E-003  1.364910008642021E-002  2.292410251650982E-002
 -5.258020601983227E-003  1.682527501419304E-002  3.560518818673727E-002
 -6.571749260161222E-003  1.940461087770721E-002  5.050323885039086E-002
 -8.737480750558212E-003  2.126003591709852E-002  6.714107512561240E-002
 -1.185064553671692E-002  2.228022838027353E-002  8.493929757197788E-002
 -1.594795249761897E-002  2.241141069893482E-002  0.103231832619630     
 -2.100074495369448E-002  2.171958279523815E-002  0.121312490597828     
 -2.692146782287252E-002  2.046774429317002E-002  0.138522311563006     
 -3.358842120280081E-002  1.920984679052757E-002  0.154378891026129     
 -4.089179556789304E-002  1.891315023951915E-002  0.168735399984561     
 -4.880288364947181E-002  2.111352860830471E-002  0.181927822170752     
 -5.747185439639367E-002  2.797586233875599E-002  0.194778456552063     
 -6.735804561079392E-002  4.139730360008005E-002  0.208003800446980     
 -7.929297656246780E-002  5.683845419979625E-002  0.219474979806847     
 -9.377629264874610E-002  3.356736431225309E-002  0.214816847846220     
 -0.101435777968185      -0.197078384592738       0.148642424703119     
 -5.060908182538492E-002  -1.00000000000000       0.000000000000000E+000
 -2.538991307074320E-003  0.000000000000000E+000  0.000000000000000E+000
 -4.834315034165541E-003  3.464027049114772E-004  3.186254889262580E-004
 -4.311635711253928E-003  1.555459111655013E-003  2.376254817988257E-003
 -3.854997319749235E-003  2.857546908820979E-003  6.422577980282730E-003
 -3.719713987851143E-003  4.051145377016330E-003  1.238645189132510E-002
 -4.126651752105691E-003  5.078365509989725E-003  2.007167806664710E-002
 -5.263517433279030E-003  5.903385804461555E-003  2.921172690550123E-002
 -7.280065197155387E-003  6.487351349110422E-003  3.947628894436689E-002
 -1.027783572359517E-002  6.794473973144520E-003  5.047176282258228E-002
 -1.429933360063406E-002  6.810267720826563E-003  6.175651732459132E-002
 -1.932320960031070E-002  6.566619746540856E-003  7.288317352151454E-002
 -2.527285349986280E-002  6.173544527046807E-003  8.347610011984619E-002
 -3.204644885212919E-002  5.864137951069362E-003  9.335091781467061E-002
 -3.957946711145553E-002  6.073431319791872E-003  0.102685946910330     
 -4.796356927762258E-002  7.595134354490725E-003  0.112264068054200     
 -5.768866920655281E-002  1.187101908786587E-002  0.123799475518676     
 -7.018828183244656E-002  2.131434546066889E-002  0.140239930392882     
 -8.908411323100843E-002  3.824822892513689E-002  0.165196779118644     
 -0.122562172290696       5.050359439520442E-002  0.197078384592699     
 -0.186684019738712      -8.394615805328390E-002  0.198764143430945     
 -0.114509109675143       -1.00000000000000       0.000000000000000E+000
 -4.828166277240736E-003  0.000000000000000E+000  0.000000000000000E+000
 -4.578461084638155E-003  0.000000000000000E+000  0.000000000000000E+000
 -3.997286471894840E-003  0.000000000000000E+000  0.000000000000000E+000
 -3.421986453021071E-003  0.000000000000000E+000  0.000000000000000E+000
 -3.155250266379675E-003  0.000000000000000E+000  0.000000000000000E+000
 -3.439282933618251E-003  0.000000000000000E+000  0.000000000000000E+000
 -4.471929427749845E-003  0.000000000000000E+000  0.000000000000000E+000
 -6.408705573735532E-003  0.000000000000000E+000  0.000000000000000E+000
 -9.354837967879131E-003  0.000000000000000E+000  0.000000000000000E+000
 -1.335453291784512E-002  0.000000000000000E+000  0.000000000000000E+000
 -1.838520295973194E-002  0.000000000000000E+000  0.000000000000000E+000
 -2.436476669576335E-002  0.000000000000000E+000  0.000000000000000E+000
 -3.118117252871688E-002  0.000000000000000E+000  0.000000000000000E+000
 -3.875846530346504E-002  0.000000000000000E+000  0.000000000000000E+000
 -4.719491457553456E-002  0.000000000000000E+000  0.000000000000000E+000
 -5.708098094631538E-002  0.000000000000000E+000  0.000000000000000E+000
 -7.032801300012689E-002  0.000000000000000E+000  0.000000000000000E+000
 -9.243913598147463E-002  0.000000000000000E+000  0.000000000000000E+000
 -0.137716034648836       0.000000000000000E+000  0.000000000000000E+000
 -0.245519730588912       0.000000000000000E+000  0.000000000000000E+000
 -0.322334646986637       0.000000000000000E+000  0.000000000000000E+000
