          20
 time   1.99999999999617      nondimensional
 P U V 
 -2.775557561562891E-019  0.000000000000000E+000  0.000000000000000E+000
  2.497051925974876E-004  0.000000000000000E+000  0.000000000000000E+000
  8.308798053345717E-004  0.000000000000000E+000  0.000000000000000E+000
  1.406179824208848E-003  0.000000000000000E+000  0.000000000000000E+000
  1.672916010852766E-003  0.000000000000000E+000  0.000000000000000E+000
  1.388883343612708E-003  0.000000000000000E+000  0.000000000000000E+000
  3.562368494772733E-004  0.000000000000000E+000  0.000000000000000E+000
 -1.580539296510220E-003  0.000000000000000E+000  0.000000000000000E+000
 -4.526671690654208E-003  0.000000000000000E+000  0.000000000000000E+000
 -8.526366640621855E-003  0.000000000000000E+000  0.000000000000000E+000
 -1.355703668251533E-002  0.000000000000000E+000  0.000000000000000E+000
 -1.953660041855708E-002  0.000000000000000E+000  0.000000000000000E+000
 -2.635300625151323E-002  0.000000000000000E+000  0.000000000000000E+000
 -3.393029902626069E-002  0.000000000000000E+000  0.000000000000000E+000
 -4.236674829832254E-002  0.000000000000000E+000  0.000000000000000E+000
 -5.225281466909037E-002  0.000000000000000E+000  0.000000000000000E+000
 -6.549984672289220E-002  0.000000000000000E+000  0.000000000000000E+000
 -8.761096970421528E-002  0.000000000000000E+000  0.000000000000000E+000
 -0.132887868371558       0.000000000000000E+000  0.000000000000000E+000
 -0.240691564311658       0.000000000000000E+000  0.000000000000000E+000
 -0.317506480709406       0.000000000000000E+000  0.000000000000000E+000
 -1.249081684559750E-004  0.000000000000000E+000  0.000000000000000E+000
 -6.148756931257695E-006 -3.464027049039539E-004  3.186254889355748E-004
  5.165305659748822E-004 -1.555459111647634E-003  2.376254817998157E-003
  9.731689574829609E-004 -2.857546908816354E-003  6.422577980267938E-003
  1.108452289384011E-003 -4.051145377015602E-003  1.238645189132409E-002
  7.015145251241452E-004 -5.078365509987757E-003  2.007167806665791E-002
 -4.353511560537267E-004 -5.903385804457902E-003  2.921172690552006E-002
 -2.451898919930906E-003 -6.487351349106114E-003  3.947628894437857E-002
 -5.449669446371999E-003 -6.794473973135335E-003  5.047176282260830E-002
 -9.471167323417254E-003 -6.810267720806343E-003  6.175651732462811E-002
 -1.449504332309938E-002 -6.566619746521808E-003  7.288317352155263E-002
 -2.044468722265613E-002 -6.173544527041631E-003  8.347610011988144E-002
 -2.721828257492119E-002 -5.864137951076062E-003  9.335091781468161E-002
 -3.475130083424524E-002 -6.073431319802741E-003  0.102685946910340     
 -4.313540300040801E-002 -7.595134354493797E-003  0.112264068054184     
 -5.286050292931717E-002 -1.187101908787402E-002  0.123799475518605     
 -6.536011555520087E-002 -2.131434546066074E-002  0.140239930392846     
 -8.425594695376538E-002 -3.824822892505594E-002  0.165196779118617     
 -0.117734006013441      -5.050359439508728E-002  0.197078384592658     
 -0.181855853461494       8.394615805343275E-002  0.198764143431056     
 -0.112095026536557        1.00000000000000       0.000000000000000E+000
 -4.115940374783083E-004  0.000000000000000E+000  0.000000000000000E+000
 -5.544791330144882E-004 -2.376254817986215E-003  1.348115743399704E-003
 -6.841725625112360E-005 -6.103952491327924E-003  5.601402707793085E-003
  2.321129507063127E-004 -1.001019707333050E-002  1.283440121766029E-002
  1.722667698419401E-004 -1.364910008639825E-002  2.292410251647883E-002
 -4.298543247467924E-004 -1.682527501420021E-002  3.560518818674657E-002
 -1.743582982936099E-003 -1.940461087771589E-002  5.050323885041577E-002
 -3.909314473335009E-003 -2.126003591710143E-002  6.714107512563612E-002
 -7.022479259496308E-003 -2.228022838027629E-002  8.493929757201002E-002
 -1.111978622040535E-002 -2.241141069894365E-002  0.103231832619683     
 -1.617257867648689E-002 -2.171958279524175E-002  0.121312490597884     
 -2.209330154566829E-002 -2.046774429316297E-002  0.138522311563065     
 -2.876025492559388E-002 -1.920984679051031E-002  0.154378891026159     
 -3.606362929068058E-002 -1.891315023949453E-002  0.168735399984590     
 -4.397471737225520E-002 -2.111352860827337E-002  0.181927822170759     
 -5.264368811916056E-002 -2.797586233869168E-002  0.194778456552007     
 -6.252987933355411E-002 -4.139730359999185E-002  0.208003800446963     
 -7.446481028524617E-002 -5.683845419972294E-002  0.219474979806867     
 -8.894812637152574E-002 -3.356736431218422E-002  0.214816847846226     
 -9.660761169097608E-002  0.197078384592761       0.148642424703228     
 -4.819499868679131E-002   1.00000000000000       0.000000000000000E+000
 -7.023815707502580E-004  0.000000000000000E+000  0.000000000000000E+000
 -1.072908080903023E-003 -5.947805412694947E-003  2.211300531205809E-003
 -5.280588001562965E-004 -1.304174458590474E-002  8.190270705874027E-003
 -2.730677707313795E-004 -2.018024671749165E-002  1.765770269950739E-002
 -4.338374970278948E-004 -2.682193234611237E-002  3.037049731293336E-002
 -1.165037763358345E-003 -3.265750184394130E-002  4.602540621947022E-002
 -2.623609484131378E-003 -3.743927274334197E-002  6.422700410706680E-002
 -4.945121390456634E-003 -4.092341007069997E-002  8.446470328117994E-002
 -8.220678066959145E-003 -4.288523146719226E-002  0.106094165864183     
 -1.247584133419843E-002 -4.318346074669717E-002  0.128335045811646     
 -1.765606863533735E-002 -4.185709868990786E-002  0.150299164595725     
 -2.362419984395124E-002 -3.923994495533691E-002  0.171056988392378     
 -3.017319754473154E-002 -3.607722637262879E-002  0.189735706952178     
 -3.705152591869475E-002 -3.362236246437555E-002  0.205616531141730     
 -4.399165585129347E-002 -3.363819092193225E-002  0.218152048842524     
 -5.073000327012015E-002 -3.794699736408436E-002  0.226719077921433     
 -5.701211487644486E-002 -4.601086871548081E-002  0.229638694395793     
 -6.252559116251033E-002 -4.506127632430412E-002  0.221318740641622     
 -6.586351794961946E-002  2.032896070864397E-002  0.186372850557340     
 -5.751074261859892E-002  0.298763005899633       0.101772364849636     
 -2.416891887707155E-002   1.00000000000000       0.000000000000000E+000
 -8.933482371745961E-004  0.000000000000000E+000  0.000000000000000E+000
 -1.404761718311736E-003 -1.056652552385491E-002  2.731657374991629E-003
 -8.033998081847798E-004 -2.155035465963320E-002  9.756605084328024E-003
 -5.678332950710243E-004 -3.219042368038157E-002  2.048459372065903E-002
 -8.046140911907917E-004 -4.201680360633679E-002  3.454648315517165E-002
 -1.656990504853980E-003 -5.068178180835508E-002  5.162203459363385E-002
 -3.278556427134738E-003 -5.784390793946582E-002  7.134647775350984E-002
 -5.805706834989431E-003 -6.312719767419461E-002  9.324366697474644E-002
 -9.327313683356058E-003 -6.615057091073662E-002  0.116672666400114     
 -1.385373513056190E-002 -6.661640943052002E-002  0.140794780840050     
 -1.929089776869007E-002 -6.444152537595926E-002  0.164574469485751     
 -2.542679774582617E-002 -5.990428664958593E-002  0.186822121490568     
 -3.193531657454627E-002 -5.376938953984094E-002  0.206268842150490     
 -3.839580088665887E-002 -4.732949212985875E-002  0.221632896249408     
 -4.432076523061249E-002 -4.221607538806949E-002  0.231592016855541     
 -4.918726025807322E-002 -3.946250789201193E-002  0.234496477396295     
 -5.247952451324699E-002 -3.599696632018834E-002  0.227490301348781     
 -5.365580711782348E-002 -1.357261036129333E-002  0.204561950268603     
 -5.114760578480247E-002  8.597901147970230E-002  0.154850592399652     
 -3.916205934125007E-002  0.383451235149957       7.271644824538152E-002
 -1.483541071448063E-002   1.00000000000000       0.000000000000000E+000
 -9.358977565850453E-004  0.000000000000000E+000  0.000000000000000E+000
 -1.472488243494109E-003 -1.570441049702012E-002  2.934397151713006E-003
 -8.618487089162979E-004 -3.079468093157114E-002  1.031915374573736E-002
 -6.677751727175810E-004 -4.497012478834034E-002  2.137578822361481E-002
 -9.968259736095597E-004 -5.795937321905482E-002  3.566598484121568E-002
 -1.994842934026936E-003 -6.945749644226687E-002  5.289620512154689E-002
 -3.822453025339778E-003 -7.906090512447034E-002  7.278063029842965E-002
 -6.624876658566109E-003 -8.624959871727253E-002  9.492970737196041E-002
 -1.049396769420903E-002 -9.043634533253048E-002  0.118754858328012     
 -1.542550285041163E-002 -9.108526383238602E-002  0.143398224016493     
 -2.128019249505212E-002 -8.788443934038676E-002  0.167704970656106     
 -2.776026386569836E-002 -8.093431762005049E-002  0.190251145868648     
 -3.441182932402911E-002 -7.088800113145102E-002  0.209419793288181     
 -4.065635146329942E-002 -5.894553716946051E-002  0.223483865791702     
 -4.584737449315378E-002 -4.650177206897058E-002  0.230612189406693     
 -4.934913478751569E-002 -3.384528185739903E-002  0.228662708499154     
 -5.063035176079786E-002 -1.607634158773124E-002  0.214566873902689     
 -4.924055488035298E-002  2.757843262488683E-002  0.183335136330978     
 -4.406817711807867E-002  0.152174462731841       0.128891780137771     
 -3.208482902291797E-002  0.453613598299023       5.471444826539251E-002
 -1.192770152922952E-002   1.00000000000000       0.000000000000000E+000
 -8.103638581591607E-004  0.000000000000000E+000  0.000000000000000E+000
 -1.241691801733111E-003 -2.088567926959422E-002  2.868453540176925E-003
 -6.839331908055364E-004 -3.999174573153198E-002  9.972528598611733E-003
 -5.724386580350696E-004 -5.753725477585366E-002  2.047777586584999E-002
 -1.024571239223015E-003 -7.353722050425297E-002  3.396518640888826E-002
 -2.199960781926568E-003 -8.779642726556292E-002  5.023235169636327E-002
 -4.277439831747118E-003 -9.987741018987678E-002  6.912810558713121E-002
 -7.422023493874733E-003 -0.109101425703731       9.040246651790619E-002
 -1.173825885459919E-002 -0.114619087555316       0.113569166010991     
 -1.721378874374433E-002 -0.115566521758724       0.137795693237218     
 -2.366565657121935E-002 -0.111294447228108       0.161847104901163     
 -3.070830389539635E-002 -0.101619109281611       0.184106775077215     
 -3.776148703808166E-002 -8.700210946283930E-002  0.202674005088374     
 -4.410667112437985E-002 -6.852188824833114E-002  0.215497185461978     
 -4.898680922267427E-002 -4.739491809562178E-002  0.220454720462259     
 -5.173442122444120E-002 -2.341719238809606E-002  0.215260676109049     
 -5.189384722440139E-002  9.330605848032310E-003  0.197096667013576     
 -4.919540035999909E-002  7.210248340363612E-002  0.162301125036001     
 -4.304774797860637E-002  0.214599699545190       0.108323572560745     
 -3.203870749473989E-002  0.512343015287546       4.281072035403761E-002
 -1.254329256875313E-002   1.00000000000000       0.000000000000000E+000
 -5.108003291571181E-004  0.000000000000000E+000  0.000000000000000E+000
 -6.995274714435044E-004 -2.567693909563090E-002  2.557304221992976E-003
 -2.560717160940433E-004 -4.840400325724355E-002  8.774308467169260E-003
 -2.671154383344593E-004 -6.896278259861585E-002  1.788580224377623E-002
 -8.672273293730073E-004 -8.771394904955448E-002  2.958659046687689E-002
 -2.238972536665639E-003 -0.104620415620517       4.383504394889800E-002
 -4.591012844657210E-003 -0.119231019946017       6.067250654335918E-002
 -8.121880741411590E-003 -0.130690659141072       8.004473429700382E-002
 -1.296328386465131E-002 -0.137829572051824       0.101626810663191     
 -1.910727788383218E-002 -0.139363202722597       0.124673202214777     
 -2.633494724038253E-002 -0.134195521180332       0.147930529865131     
 -3.417519484579302E-002 -0.121761217807183       0.169650613872545     
 -4.192235011479777E-002 -0.102278411516204       0.187715353131508     
 -4.872565812591460E-002 -7.672625254337090E-002  0.199833306694605     
 -5.373782546561838E-002 -4.626526271610017E-002  0.203709013654118     
 -5.628587648405627E-002 -1.048722840880122E-002  0.197057732340800     
 -5.600245187289239E-002  3.688320948524852E-002  0.177428582333681     
 -5.279082315558101E-002  0.116351527077681       0.142318027188772     
 -4.646940290303300E-002  0.271664867413703       9.147963049050338E-002
 -3.656602451248682E-002  0.561937170859747       3.424929209083102E-002
 -1.532297751486233E-002   1.00000000000000       0.000000000000000E+000
 -4.170329546026017E-005  0.000000000000000E+000  0.000000000000000E+000
  1.486246756904466E-004 -2.965998773676046E-002  2.002574173363961E-003
  4.256637567155350E-004 -5.532024375330651E-002  6.749611545757176E-003
  2.660436138151056E-004 -7.834953677555870E-002  1.366401130475957E-002
 -4.870493745241282E-004 -9.948646220937313E-002  2.263668103839553E-002
 -2.046687885565901E-003 -0.118882343342031       3.384276379823392E-002
 -4.662464332769375E-003 -0.136087100537964       4.756263790978500E-002
 -8.581660377764399E-003 -0.150055729823533       6.399026929182286E-002
 -1.398173269492881E-002 -0.159247555473049       8.303005881179343E-002
 -2.087803070350964E-002 -0.161870240960645       0.104108291931145     
 -2.902996452612127E-002 -0.156271858885831       0.126047842683521     
 -3.788646027148410E-002 -0.141403932547971       0.147060685886788     
 -4.661323735391804E-002 -0.117184802284980       0.164887000486221     
 -5.421996523570544E-002 -8.451554877106093E-002  0.177047795946555     
 -5.976166881448013E-002 -4.461934374185061E-002  0.181101651569053     
 -6.254877646385903E-002  2.863238932304325E-003  0.174764688100733     
 -6.227838731035563E-002  6.407031100000699E-002  0.155887407295478     
 -5.898693057328408E-002  0.158051435246860       0.122823880041835     
 -5.279474953091536E-002  0.322668434643153       7.674999806531410E-002
 -4.385699361507337E-002  0.603822645778069       2.746856290177656E-002
 -1.936554335998293E-002   1.00000000000000       0.000000000000000E+000
  5.776927613833119E-004  0.000000000000000E+000  0.000000000000000E+000
  1.270255667265165E-003 -3.242655064139100E-002  1.207553685763423E-003
  1.343765550417963E-003 -6.006544038863081E-002  3.948663019154740E-003
  1.030384560200464E-003 -8.484985209124185E-002  7.942127294541171E-003
  1.466600385138844E-004 -0.107892701543026       1.332859698464114E-002
 -1.556083228179449E-003 -0.129546372491895       2.052375006846663E-002
 -4.376721835085953E-003 -0.149378525439594       3.006608121430300E-002
 -8.625368936968936E-003 -0.166158080043087       4.243491143906732E-002
 -1.454607505706223E-002 -0.177947594691140       5.783516844891622E-002
 -2.220272498302298E-002 -0.182380986594319       7.597472161163382E-002
 -3.135607844575704E-002 -0.177147915136005       9.589021378903193E-002
 -4.138718994273173E-002 -0.160600375609885       0.115893050853833     
 -5.132847369273477E-002 -0.132265521575979       0.133688461616462     
 -6.002924659190050E-002 -9.294090362632179E-002  0.146655024921845     
 -6.641548741949155E-002 -4.398215487035310E-002  0.152178184301645     
 -6.974354590357944E-002  1.472701586474279E-002  0.147884096750299     
 -6.973431738173207E-002  8.882401754411143E-002  0.131767970168010     
 -6.651870645898735E-002  0.195488936307867       0.102733323988143     
 -6.046502925214138E-002  0.367020184553830       6.277213155014420E-002
 -5.226174672124194E-002  0.638687168925170       2.150175952300637E-002
 -2.386990780545684E-002   1.00000000000000       0.000000000000000E+000
  1.306833467424712E-003  0.000000000000000E+000  0.000000000000000E+000
  2.593264575551443E-003 -3.360865075592147E-002  2.042634192139054E-004
  2.445502227148532E-003 -6.205481736208284E-002  5.147030096377654E-004
  1.995546952943871E-003 -8.772947074103465E-002  1.025207495438033E-003
  1.031043707412227E-003 -0.112068084983293       2.134845201891721E-003
 -7.325387350177666E-004 -0.135619827571688       4.475847998182406E-003
 -3.645377021864237E-003 -0.157998261908546       8.821422917320083E-003
 -8.088918794754742E-003 -0.177824817058149       1.594372106851505E-002
 -1.439295852632342E-002 -0.192787365645615       2.641075718456084E-002
 -2.270007309876870E-002 -0.199925286300719       4.034070891684183E-002
 -3.280687476830692E-002 -0.196190188128018       5.716862336168278E-002
 -4.405195816469199E-002 -0.179202180375331       7.551003190017237E-002
 -5.533651194998082E-002 -0.147946776352878       9.320447426655032E-002
 -6.532202384249368E-002 -0.103005271456356       0.107566578962852     
 -7.275448552581067E-002 -4.584841557046156E-002  0.115769241507294     
 -7.677638783131020E-002  2.327345306589522E-002  0.115208309011702     
 -7.708147260362720E-002  0.109221083762208       0.103815957418435     
 -7.387050972029137E-002  0.227047273864788       8.074873930074937E-002
 -6.776619950643591E-002  0.403899999108235       4.836857412012882E-002
 -6.002873092771593E-002  0.666594777328209       1.568154347852451E-002
 -2.798182908618537E-002   1.00000000000000       0.000000000000000E+000
  2.080011791896354E-003  0.000000000000000E+000  0.000000000000000E+000
  3.998770033249080E-003 -3.294125365103508E-002 -9.258722317021042E-004
  3.634240502565747E-003 -6.088638446485965E-002 -3.266649198201911E-003
  3.083278410492456E-003 -8.646999428349098E-002 -6.528862660138633E-003
  2.107252747205465E-003 -0.111343342045766      -1.010354345028722E-002
  3.933062159435817E-004 -0.136232950207322      -1.322204548102882E-002
 -2.451528527521465E-003 -0.160846398509915      -1.495347338463061E-002
 -6.876966145945164E-003 -0.183747414310330      -1.427202413362969E-002
 -1.330901996615989E-002 -0.202344582539466      -1.021455044855307E-002
 -2.199878708094228E-002 -0.213138852771420      -2.126071994721411E-003
 -3.282499913906782E-002 -0.212317238119352       1.004754346988788E-002
 -4.513054075068641E-002 -0.196636226514694       2.550561919186727E-002
 -5.770786261088871E-002 -0.164322068638525       4.249023557435028E-002
 -6.900946025830250E-002 -0.115505670867107       5.842289336407455E-002
 -7.753742339813591E-002 -5.162388491927325E-002  7.027574137632830E-002
 -8.223791496898632E-002  2.668029995359925E-002  7.506861430299885E-002
 -8.271372712555135E-002  0.123283587255122       7.042375931078690E-002
 -7.922620503512344E-002  0.250936319606274       5.543937289047440E-002
 -7.271594498160142E-002  0.432087380375964       3.245804815407591E-002
 -6.514420578943847E-002  0.687055743045190       9.493773605401740E-003
 -3.070972466248045E-002   1.00000000000000       0.000000000000000E+000
  2.809470049192072E-003  0.000000000000000E+000  0.000000000000000E+000
  5.326853645474934E-003 -3.034200155772920E-002 -2.045320650825731E-003
  4.772842242056768E-003 -5.645182693365969E-002 -6.957021556236806E-003
  4.165788844225692E-003 -8.089257648894635E-002 -1.389551757456619E-002
  3.250824489726688E-003 -0.105374902162391      -2.214849625012082E-002
  1.703882433812702E-003 -0.130769897637344      -3.094339957457354E-002
 -8.888529799483884E-004 -0.156948283255951      -3.932604787398902E-002
 -5.024713245723849E-003 -0.182563739994232      -4.612157027341198E-002
 -1.121781134737190E-002 -0.204933317784505      -5.000538330879623E-002
 -1.984564626563148E-002 -0.220187380219140      -4.970680942396473E-002
 -3.091964407514827E-002 -0.223821879314643      -4.433668837862666E-002
 -4.385859050200498E-002 -0.211644872479767      -3.377297218496730E-002
 -5.740549302990122E-002 -0.180864050525026      -1.897554490689063E-002
 -6.981102356037831E-002 -0.130790777258371      -2.075465405881110E-003
 -7.927134988549306E-002 -6.249413650936440E-002  1.386655895161455E-002
 -8.443121825470259E-002  2.312543513144902E-002  2.542763429583915E-002
 -8.471572733518491E-002  0.128850325174644       2.965245238053871E-002
 -8.044429467188030E-002  0.265012985021472       2.520050257745571E-002
 -7.299164614803653E-002  0.449845598393265       1.395836511899265E-002
 -6.522804837788777E-002  0.699052825482223       2.491767862966416E-003
 -3.086962193458720E-002   1.00000000000000       0.000000000000000E+000
  3.397846957111312E-003  0.000000000000000E+000  0.000000000000000E+000
  6.399737140800763E-003 -2.598423209481104E-002 -2.973603486009570E-003
  5.703767100812914E-003 -4.903618754113691E-002 -1.000776057348938E-002
  5.082790917512032E-003 -7.127851958960678E-002 -2.005500538130814E-002
  4.283720188518373E-003 -9.429546004574434E-002 -3.244704873329185E-002
  2.996703432469932E-003 -0.119055398583451      -4.657111252925744E-002
  8.214061745310850E-004 -0.145668227811096      -6.163166283568279E-002
 -2.746348295027038E-003 -0.173068078875527      -7.648855626149517E-002
 -8.272291969103319E-003 -0.198759343388894      -8.959998159643409E-002
 -1.624820208954832E-002 -0.218807547701553      -9.912167001617483E-002
 -2.685200968148060E-002 -0.228251075358331      -0.103204262067315     
 -3.966292639966987E-002 -0.221997369986384      -0.100473680742536     
 -5.347979005854150E-002 -0.196019575417552      -9.058347183570896E-002
 -6.641694693954149E-002 -0.148347774725590      -7.463675110465469E-002
 -7.633740540526321E-002 -7.912698462085384E-002 -5.524937491601094E-002
 -8.146924109421405E-002  1.089440652475648E-002 -3.609473981326727E-002
 -8.093549259992115E-002  0.123510718973445      -2.089201346856643E-002
 -7.509325835618257E-002  0.266630406867816      -1.191684560432060E-002
 -6.590864424006684E-002  0.454796115090470      -8.368293000130332E-003
 -5.746003260132385E-002  0.701014108164232      -5.790048261156580E-003
 -2.703883075132151E-002   1.00000000000000       0.000000000000000E+000
  3.759283030369117E-003  0.000000000000000E+000  0.000000000000000E+000
  7.061009148320393E-003 -2.033424098425020E-002 -3.522421090416691E-003
  6.284952565518210E-003 -3.937042503837598E-002 -1.185962146051624E-002
  5.677830724352871E-003 -5.845328832914387E-002 -2.395992696257472E-002
  5.011815466580208E-003 -7.885879501443732E-002 -3.934998216210648E-002
  4.019708683815910E-003 -0.101585283534984      -5.772980162283036E-002
  2.354309599516661E-003 -0.127030839523780      -7.865826360771452E-002
 -4.401999198747308E-004 -0.154595421233482      -0.101283785324917     
 -4.914393619191868E-003 -0.182300204029790      -0.124135447141804     
 -1.161515277346259E-002 -0.206583099748237      -0.145046260701673     
 -2.086970067873958E-002 -0.222469868588299      -0.161309195278398     
 -3.247510122881885E-002 -0.224265662711345      -0.170134768776177     
 -4.541636437820327E-002 -0.206700980162815      -0.169370550420475     
 -5.781512257558496E-002 -0.166124874178025      -0.158289268554456     
 -6.726291820066757E-002 -0.101036147800616      -0.138130378169365     
 -7.149386796975238E-002 -1.123192631595106E-002 -0.112062323726326     
 -6.916552261986234E-002  0.104672430965714      -8.433590030825197E-002
 -6.058286104490184E-002  0.252489264553205      -5.864081889222258E-002
 -4.845545715560629E-002  0.443718801050199      -3.626854045330553E-002
 -3.849626998409900E-002  0.690684532482174      -1.600720306613234E-002
 -1.748603094971846E-002   1.00000000000000       0.000000000000000E+000
  3.844475785803415E-003  0.000000000000000E+000  0.000000000000000E+000
  7.221745348666543E-003 -1.412461063430056E-002 -3.547517737115321E-003
  6.432502498444805E-003 -2.859868166899184E-002 -1.208788360475677E-002
  5.845035288900695E-003 -4.378815888802503E-002 -2.478841320249113E-002
  5.280474691040171E-003 -6.052558538550375E-002 -4.147453415267753E-002
  4.537787905962941E-003 -7.974711713788221E-002 -6.224235965657085E-002
  3.355779995821002E-003 -0.102114244109173      -8.714809223732170E-002
  1.380360339040925E-003 -0.127590895341490      -0.115891715221593     
 -1.842276692270871E-003 -0.154996868012048      -0.147480127202966     
 -6.809879897935711E-003 -0.181633799564952      -0.179933291947503     
 -1.390258980996706E-002 -0.203162567283867      -0.210171509670727     
 -2.310140160615100E-002 -0.213936014844309      -0.234248497639195     
 -3.365503918891330E-002 -0.207865075639220      -0.248020971544676     
 -4.387231659612732E-002 -0.179587946976700      -0.248162826412549     
 -5.125929846917730E-002 -0.125353929448991      -0.233216919231275     
 -5.311216331970305E-002 -4.290007133646949E-002 -0.204252854211127     
 -4.748779577423440E-002  7.008921413933145E-002 -0.164739508430766     
 -3.442611652372269E-002  0.218563047013020      -0.119468249731201     
 -1.738330317845965E-002  0.412162499264392      -7.297318043808174E-002
 -4.272527881984150E-003  0.664745567710986      -2.949468974988896E-002
  7.593198860367592E-006   1.00000000000000       0.000000000000000E+000
  3.661718502559487E-003  0.000000000000000E+000  0.000000000000000E+000
  6.898105239509279E-003 -8.246357379501006E-003 -3.003408087768126E-003
  6.154409674477729E-003 -1.812952957301486E-002 -1.055989935444609E-002
  5.568262802535313E-003 -2.906663778122724E-002 -2.223616423339694E-002
  5.027763774306525E-003 -4.140484856036065E-002 -3.816673763683792E-002
  4.409572657470382E-003 -5.591172545032380E-002 -5.880082613036172E-002
  3.552790086328166E-003 -7.338148395884335E-002 -8.469238258223805E-002
  2.235372009752184E-003 -9.426338626784847E-002 -0.116234522165006     
  1.635274882193049E-004 -0.118258627303773      -0.153289919029053     
 -3.000451422839165E-003 -0.143891717280473      -0.194735049685877     
 -7.533511397658938E-003 -0.168154662896589      -0.238029364125758     
 -1.343856514993566E-002 -0.186416200837355      -0.279016798579702     
 -2.013866325334363E-002 -0.192786651389438      -0.312193352847006     
 -2.618843401496715E-002 -0.180928926491422      -0.331550907259937     
 -2.921042836733688E-002 -0.144946120002076      -0.331847089077958     
 -2.628243146873008E-002 -7.970933711660273E-002 -0.309908979743292     
 -1.491103058215720E-002  1.988782648577502E-002 -0.265548031047483     
  5.358626582153736E-003  0.160722936560623      -0.201930946547243     
  3.068092182722963E-002  0.353745241068977      -0.125871389372131     
  5.055802795604041E-002  0.617711352044444      -4.977847829888196E-002
  2.867058743836504E-002   1.00000000000000       0.000000000000000E+000
  3.285844441800782E-003  0.000000000000000E+000  0.000000000000000E+000
  6.224937603878267E-003 -3.564711279855587E-003 -1.984755127370305E-003
  5.559383523994977E-003 -9.365925523375644E-003 -7.558683963535496E-003
  4.933186812728732E-003 -1.618132060564333E-002 -1.676062608933079E-002
  4.309710126682276E-003 -2.396092348854574E-002 -2.993271272597115E-002
  3.639863589171596E-003 -3.322147219248674E-002 -4.769367044538478E-002
  2.853631184088860E-003 -4.468054807463817E-002 -7.089484290623799E-002
  1.855103916807254E-003 -5.899335889468742E-002 -0.100490032615980     
  5.243331130672771E-004 -7.649634049109093E-002 -0.137268244121368     
 -1.258500498657734E-003 -9.689435446830812E-002 -0.181417913713531     
 -3.538160093625130E-003 -0.118880818390010      -0.231940663351749     
 -6.127012356932391E-003 -0.139772026122927      -0.286032949104807     
 -8.356805328223240E-003 -0.155330966958938      -0.338680542290401     
 -8.794465142379252E-003 -0.159934210745774      -0.382763289293959     
 -5.074849228135447E-003 -0.146995856965676      -0.409828804598780     
  5.900302416430853E-003 -0.109199129367000      -0.411392661592455     
  2.709968726238221E-002 -3.788881905678296E-002 -0.380421902414974     
  5.954531596964264E-002  7.888640533767004E-002 -0.312923687820592     
  9.941605524487265E-002  0.260010031016116      -0.210703309130249     
  0.134373548264202       0.538874178339087      -8.918060708808738E-002
  7.421345032798625E-002   1.00000000000000       0.000000000000000E+000
  2.850908264612845E-003  0.000000000000000E+000  0.000000000000000E+000
  5.437965519354015E-003 -6.876734159530503E-004 -7.540869972150108E-004
  4.834079020679309E-003 -3.353658611053229E-003 -3.844153349408307E-003
  4.103707597792962E-003 -6.692609018804693E-003 -9.686072134121173E-003
  3.283024570461834E-003 -1.047180420431944E-002 -1.864337384126254E-002
  2.380114680525665E-003 -1.494959527010150E-002 -3.124628991894878E-002
  1.385690063228843E-003 -2.058512178834720E-002 -4.829917534162530E-002
  2.902203306154516E-004 -2.788998505271716E-002 -7.088711499202291E-002
 -8.931502314074635E-004 -3.733074620617095E-002 -0.100276274534872     
 -2.090424375910910E-003 -4.921929805015608E-002 -0.137680308369239     
 -3.092646196582628E-003 -6.353962750530946E-002 -0.183850088246467     
 -3.417161950871094E-003 -7.967632189859780E-002 -0.238460181715873     
 -2.081630672271240E-003 -9.605631120023844E-002 -0.299339664155119     
  2.694003255229455E-003 -0.109780664183041      -0.361723519828756     
  1.375482951063454E-002 -0.116316747703582      -0.417811346916477     
  3.501281232479492E-002 -0.109116239300433      -0.456879927341168     
  7.081589488962187E-002 -7.858114728618937E-002 -0.465934825968607     
  0.124148878720947      -8.995656724223422E-003 -0.430656828077478     
  0.192731886772018       0.130002160336477      -0.337144024643658     
  0.262300327294275       0.407008042914191      -0.179497912100889     
  0.147271557405757        1.00000000000000       0.000000000000000E+000
  2.526361542019631E-003  0.000000000000000E+000  0.000000000000000E+000
  4.827142982963874E-003  2.794420695631442E-004  2.025675025945198E-004
  4.196157571446054E-003 -4.339403864566492E-004 -6.876734159512458E-004
  3.272186668073424E-003 -1.382100113782146E-003 -3.151091108453215E-003
  2.152863604043790E-003 -2.400705703704262E-003 -7.380282434753738E-003
  8.758495079888375E-004 -3.565670692109828E-003 -1.362289531276161E-002
 -5.512363104279785E-004 -5.039723001527446E-003 -2.232987770482148E-002
 -2.112170748847311E-003 -7.016259701385572E-003 -3.420801710110871E-002
 -3.738242990139379E-003 -9.703147113854078E-003 -5.021986275753587E-002
 -5.250598110883031E-003 -1.332054075671132E-002 -7.153876330726475E-002
 -6.271173477060982E-003 -1.810094504334596E-002 -9.943916080768270E-002
 -6.075013572385506E-003 -2.428245021422513E-002 -0.135078390812542     
 -3.349957496862778E-003 -3.206762884601988E-002 -0.179115482706244     
  4.156236858604337E-003 -4.146252798439768E-002 -0.231134702012750     
  2.005356357988746E-002 -5.183944945324710E-002 -0.288896146889283     
  4.963365269670000E-002 -6.107565031480421E-002 -0.347451449716328     
  9.992391856015855E-002 -6.411191832038118E-002 -0.398012386189589     
  0.179456184949787      -4.990439598748141E-002 -0.426032597002343     
  0.297244743048189       8.851115039213420E-003 -0.407008042913863     
  0.449721391841631       0.201730153695039      -0.296030436666161     
  0.266317865442379        1.00000000000000       0.000000000000000E+000
  4.828166276722007E-003  0.000000000000000E+000  0.000000000000000E+000
  4.603546953823760E-003  0.000000000000000E+000  0.000000000000000E+000
  3.926457908937550E-003  0.000000000000000E+000  0.000000000000000E+000
  2.879923576473773E-003  0.000000000000000E+000  0.000000000000000E+000
  1.588561613119278E-003  0.000000000000000E+000  0.000000000000000E+000
  9.680163822131752E-005  0.000000000000000E+000  0.000000000000000E+000
 -1.591460852377788E-003  0.000000000000000E+000  0.000000000000000E+000
 -3.463906266202283E-003  0.000000000000000E+000  0.000000000000000E+000
 -5.446532120154172E-003  0.000000000000000E+000  0.000000000000000E+000
 -7.336419995409115E-003  0.000000000000000E+000  0.000000000000000E+000
 -8.702538681236886E-003  0.000000000000000E+000  0.000000000000000E+000
 -8.727779485359301E-003  0.000000000000000E+000  0.000000000000000E+000
 -5.956251266094596E-003  0.000000000000000E+000  0.000000000000000E+000
  2.085563553898000E-003  0.000000000000000E+000  0.000000000000000E+000
  1.937705621413475E-002  0.000000000000000E+000  0.000000000000000E+000
  5.191443791083650E-002  0.000000000000000E+000  0.000000000000000E+000
  0.108273317739960       0.000000000000000E+000  0.000000000000000E+000
  0.200845783431273       0.000000000000000E+000  0.000000000000000E+000
  0.348470861438161       0.000000000000000E+000  0.000000000000000E+000
  0.559689651667203       0.000000000000000E+000  0.000000000000000E+000
  0.680468095703898       0.000000000000000E+000  0.000000000000000E+000
