          20
 time   1.99999999999617      nondimensional
 P U V 
  2.576064361825558E-017  0.000000000000000E+000  0.000000000000000E+000
 -1.245612897061787E-004  0.000000000000000E+000  0.000000000000000E+000
 -4.593588077310857E-004  0.000000000000000E+000  0.000000000000000E+000
 -9.071734870433258E-004  0.000000000000000E+000  0.000000000000000E+000
 -1.377263660177216E-003  0.000000000000000E+000  0.000000000000000E+000
 -1.819756917945651E-003  0.000000000000000E+000  0.000000000000000E+000
 -2.202745068005183E-003  0.000000000000000E+000  0.000000000000000E+000
 -2.489714886335523E-003  0.000000000000000E+000  0.000000000000000E+000
 -2.618284544060974E-003  0.000000000000000E+000  0.000000000000000E+000
 -2.476819072807820E-003  0.000000000000000E+000  0.000000000000000E+000
 -1.873937811476084E-003  0.000000000000000E+000  0.000000000000000E+000
 -4.940055311303995E-004  0.000000000000000E+000  0.000000000000000E+000
  2.172142965350489E-003  0.000000000000000E+000  0.000000000000000E+000
  6.939505451182654E-003  0.000000000000000E+000  0.000000000000000E+000
  1.511550235831823E-002  0.000000000000000E+000  0.000000000000000E+000
  2.881066628884357E-002  0.000000000000000E+000  0.000000000000000E+000
  5.145105620852850E-002  0.000000000000000E+000  0.000000000000000E+000
  8.865953345029279E-002  0.000000000000000E+000  0.000000000000000E+000
  0.149816674969449       0.000000000000000E+000  0.000000000000000E+000
  0.244630883583072       0.000000000000000E+000  0.000000000000000E+000
  0.301409541956453       0.000000000000000E+000  0.000000000000000E+000
  6.228025493707074E-005  0.000000000000000E+000  0.000000000000000E+000
  5.107847421578908E-007  1.917991690656408E-006 -2.883441959035713E-005
 -3.083246392438153E-004  4.772475799022607E-004 -7.830592812632891E-004
 -6.936780427868820E-004  1.025207422883917E-003 -2.431236560772302E-003
 -1.083137918105915E-003  1.567773958470966E-003 -5.001772760659821E-003
 -1.432149056170543E-003  2.136687307198326E-003 -8.537877931879604E-003
 -1.707808725181911E-003  2.796189600685425E-003 -1.315748828910948E-002
 -1.870923810101184E-003  3.618443897682420E-003 -1.907153609447577E-002
 -1.857801143085175E-003  4.677515336752362E-003 -2.658362041551186E-002
 -1.559445064630327E-003  6.049308093674712E-003 -3.607849837975968E-002
 -7.940264859512713E-004  7.813286187103339E-003 -4.799826149628537E-002
  7.334695456212234E-004  1.005517494340388E-002 -6.279897031666339E-002
  3.493620187601296E-003  1.287058899201368E-002 -8.087399483810070E-002
  8.230884397571881E-003  1.636392560056046E-002 -0.102420406621346     
  1.611656262285834E-002  2.060851280877146E-002 -0.127205596936657     
  2.897094029888687E-002  2.544030712298045E-002 -0.154147861638095     
  4.953128143432670E-002  2.969919316675322E-002 -0.180519118672782     
  8.163033901489411E-002  2.880397772677161E-002 -0.200318950257609     
  0.129840854198085       6.902361725003281E-003 -0.200741790271446     
  0.194928016649817      -9.349495010680033E-002 -0.154167533781713     
  0.115644464931604      -0.544021110889370       0.000000000000000E+000
  2.229200192868209E-004  0.000000000000000E+000  0.000000000000000E+000
  3.036501631065620E-004  7.830592813052622E-004 -5.708422297179797E-004
  9.945172183983855E-006  2.402402141178706E-003 -2.513465252917242E-003
 -2.826946540712460E-004  4.218713479391310E-003 -5.927089869116697E-003
 -5.388654050960404E-004  6.106641371102393E-003 -1.087857815250154E-002
 -7.300033586735414E-004  8.155715528448786E-003 -1.748479052539018E-002
 -8.290617166226906E-004  1.053365816259497E-002 -2.595661468810212E-002
 -8.011510482201638E-004  1.342613212640083E-002 -3.660850739606887E-002
 -5.919956155103802E-004  1.700696228528224E-002 -4.983848850519220E-002
 -1.132940763226618E-004  2.141464108078500E-002 -6.607678489401989E-002
  7.780136807374347E-004  2.672047193692596E-002 -8.569337718140069E-002
  2.311524097434738E-003  3.287573334182290E-002 -0.108847465771603     
  4.852581991387145E-003  3.962143630469092E-002 -0.135256586979635     
  8.973818374684233E-003  4.633160209856479E-002 -0.163861667606252     
  1.554247854693973E-002  5.172745501675849E-002 -0.192369163810464     
  2.577872818293606E-002  5.331352173614969E-002 -0.216667524652363     
  4.114053995373954E-002  4.617108861951226E-002 -0.230163169770541     
  6.268035931787763E-002  2.022267159860575E-002 -0.223248384343025     
  8.920219110188343E-002 -4.615141647608597E-002 -0.183768566636865     
  0.113569170597348      -0.200741790271492      -0.102230387372244     
  6.190135986717059E-002 -0.544021110889370       0.000000000000000E+000
  4.105281408012921E-004  0.000000000000000E+000  0.000000000000000E+000
  6.392889227154162E-004  2.515383244606536E-003 -1.152157516916715E-003
  3.136261190259230E-004  5.833495219294607E-003 -4.254067709054699E-003
  6.231996180903534E-005  9.390320322463747E-003 -9.206981814569935E-003
 -1.140042997155913E-004  1.312547461474841E-002 -1.604352921392226E-002
 -2.099400520077241E-004  1.721472384281117E-002 -2.489674554904894E-002
 -2.168791859097906E-004  2.191990647136760E-002 -3.598754228114597E-002
 -1.208337083113403E-004  2.750031771476952E-002 -4.959781572254798E-002
  1.022263180177414E-004  3.414579283470545E-002 -6.601262075421059E-002
  4.943616794224020E-004  4.190419676988646E-002 -8.541884279669612E-002
  1.130022654580125E-003  5.058396706471253E-002 -0.107748799554877     
  2.141689254136960E-003  5.961838474164668E-002 -0.132461779551148     
  3.761486473433376E-003  6.788479082666772E-002 -0.158270105314661     
  6.376825935010762E-003  7.347650243140441E-002 -0.182842359909047     
  1.057719823916761E-002  7.341436985491255E-002 -0.202554543197883     
  1.712385727123230E-002  6.323431308307571E-002 -0.212409724285483     
  2.670205406481745E-002  3.628005285738719E-002 -0.206330795313417     
  3.925989436215854E-002 -1.759062540692980E-002 -0.178251002081454     
  5.286286809280397E-002 -0.114115635245823      -0.125058665918178     
  6.229905384502248E-002 -0.277263516743621      -5.402444801737551E-002
  3.253739085416672E-002 -0.544021110889370       0.000000000000000E+000
  5.466571034668506E-004  0.000000000000000E+000  0.000000000000000E+000
  8.772332689195683E-004  5.037126990354216E-003 -1.573287644479086E-003
  5.152915693176467E-004  1.045722643882123E-002 -5.497504672711903E-003
  2.767488560935802E-004  1.600817498425309E-002 -1.146446692825549E-002
  1.337368460980332E-004  2.179640510557965E-002 -1.941631559312858E-002
  6.705475810199058E-005  2.809972859567509E-002 -2.942920312789193E-002
  6.018372848684794E-005  3.523472833608245E-002 -4.164331604911321E-002
  9.597237452755058E-005  4.345121059945844E-002 -5.619524522272210E-002
  1.558968492524017E-004  5.282798935944434E-002 -7.312735779902127E-002
  2.236810975282881E-004  6.315081988141549E-002 -9.226088192928039E-002
  2.975055969284766E-004  7.376340869137446E-002 -0.113031501969364     
  4.167971910714254E-004  8.339703910163809E-002 -0.134303760097465     
  7.078829518704045E-004  9.000201666260237E-002 -0.154205270859846     
  1.442735309724359E-003  9.061603998181114E-002 -0.170049469335206     
  3.081052885265056E-003  8.129481939322633E-002 -0.178437095033865     
  6.226959017361589E-003  5.708977385170982E-002 -0.175637460357589     
  1.139250129653792E-002  1.201236641549320E-002 -0.158368971744969     
  1.846774083289702E-002 -6.104945779665210E-002 -0.125171699106415     
  2.592637566056654E-002 -0.170377970540100      -7.871770898368395E-002
  3.004362385084041E-002 -0.325800456189591      -2.943689699224476E-002
  1.532146206927561E-002 -0.544021110889370       0.000000000000000E+000
  5.792700967851814E-004  0.000000000000000E+000  0.000000000000000E+000
  9.276132203186494E-004  8.012887917313576E-003 -1.756160545109651E-003
  5.495546259870153E-004  1.572467450306038E-002 -6.006974327366098E-003
  3.119364489103408E-004  2.330913124287284E-002 -1.229453717667313E-002
  1.662195589376516E-004  3.109021081436757E-002 -2.045469921550706E-002
  7.086415565188806E-005  3.944172429878627E-002 -3.045990559784756E-002
 -1.705685376792998E-005  4.868594856618944E-002 -4.231401400363530E-002
 -1.484758127186764E-004  5.898435946467455E-002 -5.596084357352550E-002
 -3.856842749419048E-004  7.021142954125822E-002 -7.118484953275092E-002
 -7.990358768145019E-004  8.180834094017569E-002 -8.749798942533568E-002
 -1.451071879054276E-003  9.262684523290630E-002 -0.104024120655445     
 -2.361084391474606E-003  0.100792153632199      -0.119411870449692     
 -3.447283476566777E-003  0.103630500064436      -0.131825028407963     
 -4.457875130150309E-003  9.770832660542828E-002 -0.139067337630874     
 -4.928908992385510E-003  7.900236087730111E-002 -0.138886577928753     
 -4.239487266662383E-003  4.316618979416814E-002 -0.129469288183577     
 -1.852694482042198E-003 -1.418570839387938E-002 -0.110094573235593     
  2.205661343504319E-003 -9.724188816825534E-002 -8.188422183044988E-002
  6.729274540640499E-003 -0.209850437359895      -4.858238689578975E-002
  9.014414444683302E-003 -0.355981225727248      -1.735149752228114E-002
  4.582912271656274E-003 -0.544021110889370       0.000000000000000E+000
  4.850222127280455E-004  0.000000000000000E+000  0.000000000000000E+000
  7.488328222807884E-004  1.104410131771991E-002 -1.690290116353798E-003
  3.857319442797348E-004  2.099560307038223E-002 -5.738308237272899E-003
  1.491435569193964E-004  3.045589987239151E-002 -1.162758834726012E-002
 -2.193212430283114E-005  3.996177352674234E-002 -1.910943836891453E-002
 -1.864696962802929E-004  4.995904338380597E-002 -2.804616399014547E-002
 -4.103195962941208E-004  6.073566631175389E-002 -3.829998038580255E-002
 -7.736157078148127E-004  7.232204612856963E-002 -4.964253760389891E-002
 -1.373536348023353E-003  8.436513521125558E-002 -6.167302873939886E-002
 -2.317441564799284E-003  9.599009100408427E-002 -7.374716986118869E-002
 -3.699435800152009E-003  0.105677289715753      -8.493417545537654E-002
 -5.554217183504661E-003  0.111197946854215      -9.403129106902505E-002
 -7.789736391162505E-003  0.109657483843815      -9.966933605677715E-002
 -1.011790465492400E-002  9.767758950260949E-002 -0.100530081678199     
 -1.202806687840190E-002  7.169676994592040E-002 -9.566174216985107E-002
 -1.286876955019944E-002  2.829776915850592E-002 -8.482539036432801E-002
 -1.209739960776013E-002 -3.557269993770032E-002 -6.875044380588086E-002
 -9.697948877637736E-003 -0.122561644136437      -4.916615269766281E-002
 -6.623726370381208E-003 -0.234910694848164      -2.860370565032724E-002
 -4.879976679341380E-003 -0.374382843085346      -1.038064488274673E-002
 -2.324968575831153E-003 -0.544021110889370       0.000000000000000E+000
  2.668075981212182E-004  0.000000000000000E+000  0.000000000000000E+000
  3.456943776213791E-004  1.375119615458525E-002 -1.409500634337724E-003
  3.037697340113625E-005  2.566197273396569E-002 -4.786127824935848E-003
 -1.966866960445120E-004  3.668026137451345E-002 -9.649236505694988E-003
 -4.012604943854539E-004  4.750878645724989E-002 -1.571187252142478E-002
 -6.533049949760140E-004  5.863226631567018E-002 -2.275455091760187E-002
 -1.034740678540922E-003  7.028232217992046E-002 -3.053326445492736E-002
 -1.645402673727515E-003  8.235740781827161E-002 -3.871061983915660E-002
 -2.602756245458324E-003  9.431606179857327E-002 -4.680757048646586E-002
 -4.029527686878698E-003  0.105069487656159      -5.418283843566062E-002
 -6.022713276839445E-003  0.112910966440752      -6.005530742992805E-002
 -8.600664988425284E-003  0.115527314233618      -6.358734591000911E-002
 -1.163539694262643E-002  0.110129290673616      -6.403880190690789E-002
 -1.479532665588635E-002  9.370073271849680E-002 -6.097760256066415E-002
 -1.754278678836078E-002  6.329766956341512E-002 -5.449303676644605E-002
 -1.923638549054411E-002  1.625489143012882E-002 -4.531073707896253E-002
 -1.936525931052719E-002 -4.984494606055105E-002 -3.468143681792808E-002
 -1.788399658228932E-002 -0.137388626323825      -2.397081663507336E-002
 -1.552241032489103E-002 -0.248635945174875      -1.411375055533422E-002
 -1.380865835588598E-002 -0.384584931377587      -5.568554617766468E-003
 -6.674120256929183E-003 -0.544021110889370       0.000000000000000E+000
 -5.206185327174479E-005  0.000000000000000E+000  0.000000000000000E+000
 -2.399334713569085E-004  1.583022914265417E-002 -9.744335050865950E-004
 -4.788644154567811E-004  2.923533894173710E-002 -3.331945012804254E-003
 -6.827330665759256E-004  4.138164456888137E-002 -6.705998545598493E-003
 -9.157946438527068E-004  5.306708793865306E-002 -1.082622826863527E-002
 -1.252325142171344E-003  6.478043531730202E-002 -1.543912427968150E-002
 -1.782128045453283E-003  7.669173523330251E-002 -2.025027369310688E-002
 -2.613645854161816E-003  8.859635216011941E-002 -2.488815806740048E-002
 -3.869638658463996E-003  9.983735380777356E-002 -2.889358439709988E-002
 -5.669694283648333E-003  0.109237827947550      -3.174286707123788E-002
 -8.094632298214948E-003  0.115081797190097      -3.291408244534272E-002
 -1.113296731835356E-002  0.115181441331188      -3.200061935594549E-002
 -1.462081280657876E-002  0.107047740494451      -2.886163704091913E-002
 -1.820182325086985E-002  8.813182436211969E-002 -2.377377762467573E-002
 -2.134458893287312E-002  5.602990446421011E-002 -1.751601417451340E-002
 -2.344931289632090E-002  8.486169209959534E-003 -1.129156623870966E-002
 -2.404788129374335E-002 -5.691262038161311E-002 -6.394319739217544E-003
 -2.305999535146228E-002 -0.143129330399074      -3.612628047076271E-003
 -2.102055765959871E-002 -0.253312956865507      -2.592389108917414E-003
 -1.911319144051542E-002 -0.388496593640666      -1.769646964825910E-003
 -9.188661467928950E-003 -0.544021110889370       0.000000000000000E+000
 -4.357035234634138E-004  0.000000000000000E+000  0.000000000000000E+000
 -9.429930868832665E-004  1.708314116738946E-002 -4.559416786988757E-004
 -1.084846938827072E-003  3.139353777447662E-002 -1.593644147343177E-003
 -1.250106404952591E-003  4.417454463034542E-002 -3.211648201168388E-003
 -1.497298126133944E-003  5.624191219133676E-002 -5.105244547379786E-003
 -1.899363424060501E-003  6.805631174014209E-002 -7.037539389047181E-003
 -2.546476069364093E-003  7.973135596764128E-002 -8.720612040440511E-003
 -3.545950597509941E-003  9.100071852226538E-002 -9.813650121802343E-003
 -5.014259819282380E-003  0.101170770802411      -9.945468012608195E-003
 -7.056267246618113E-003  0.109089985704403      -8.768241684183166E-003
 -9.728723158195661E-003  0.113168718725446      -6.045372441278282E-003
 -1.299092102511351E-002  0.111474868829185      -1.767027150992090E-003
 -1.665558397137454E-002  0.101902448942343       3.728822572614557E-003
 -2.036413550634678E-002  8.235510985206368E-002  9.672604739946609E-003
 -2.361464068833201E-002  5.081545817742793E-002  1.487980570750695E-002
 -2.585994165917306E-002  5.133196994821074E-003  1.794262124915741E-002
 -2.666900937680532E-002 -5.752388425220768E-002  1.765801016262150E-002
 -2.592037771451706E-002 -0.141190556954136       1.368790464404856E-002
 -2.397973333306121E-002 -0.250478926257101       7.279345382303853E-003
 -2.176140511963807E-002 -0.387177320486481       1.525388209434392E-003
 -1.036518677997324E-002 -0.544021110889370       0.000000000000000E+000
 -8.437069595854513E-004  0.000000000000000E+000  0.000000000000000E+000
 -1.689921912204890E-003  1.742387328999732E-002  7.887971212284096E-005
 -1.723880307084464E-003  3.199104546420492E-002  2.166018058156660E-004
 -1.836921691648427E-003  4.489324496891756E-002  4.293543143037268E-004
 -2.079777244157485E-003  5.689297912653393E-002  8.228303383053413E-004
 -2.520200541323689E-003  6.839580281036164E-002  1.576481333363279E-003
 -3.243251082936004E-003  7.946784596605747E-002  2.926727816232094E-003
 -4.348431040455715E-003  8.982120813228285E-002  5.139316447712743E-003
 -5.939198719601719E-003  9.879194537015183E-002  8.462552976593787E-003
 -8.101095289173028E-003  0.105337732376225       1.305655652423415E-002
 -1.086722441319365E-002  0.108080582656898       1.890029129475292E-002
 -1.417541182733280E-002  0.105407246317311       2.568860355787551E-002
 -1.782961053116075E-002  9.560810860354435E-002  3.274501007494707E-002
 -2.148549587166479E-002  7.698084122719467E-002  3.898977201487572E-002
 -2.468051981995799E-002  4.775988795494628E-002  4.301298762165204E-002
 -2.691729449772210E-002  5.707964754825347E-003  4.330687057070726E-002
 -2.778987015454001E-002 -5.265790377649202E-002  3.871067195085778E-002
 -2.712974390672553E-002 -0.132750665618732       2.910489570118836E-002
 -2.515015764360786E-002 -0.241150440430840       1.628878468280446E-002
 -2.253729887143020E-002 -0.381217248258331       4.606708712426240E-003
 -1.059461857385576E-002 -0.544021110889370       0.000000000000000E+000
 -1.237704234734204E-003  0.000000000000000E+000  0.000000000000000E+000
 -2.410825070278709E-003  1.686653936157298E-002  5.756580776890949E-004
 -2.336556272175618E-003  3.104306317229572E-002  1.919837204498454E-003
 -2.388720066167113E-003  4.356831609785775E-002  3.871259867592692E-003
 -2.609937940180790E-003  5.509478517228003E-002  6.423575791555381E-003
 -3.060895841992826E-003  6.595241426221782E-002  9.674916696593719E-003
 -3.818572721816442E-003  7.616852085329948E-002  1.378318273162792E-002
 -4.971405487875764E-003  8.546489336191163E-002  1.891700933848907E-002
 -6.607619120895829E-003  9.325353072589962E-002  2.519453042751417E-002
 -8.794023898878175E-003  9.865224738624387E-002  3.260664204366134E-002
 -1.154511241344560E-002  0.100536671691784       4.092873738187976E-002
 -1.478702295611046E-002  9.763015004901035E-002  4.963435580630172E-002
 -1.832714020753047E-002  8.860128048538024E-002  5.783411297495619E-002
 -2.184487967931040E-002  7.208713230532990E-002  6.427089306913553E-002
 -2.491813232388927E-002  4.649835962157045E-002  6.740634275410776E-002
 -2.709003024637576E-002  9.435512665622609E-003  6.564010257822894E-002
 -2.796555084721765E-002 -4.332190938264990E-002  5.772806838525311E-002
 -2.732014291197841E-002 -0.118768669686042       4.351133791746153E-002
 -2.521707182522569E-002 -0.225980739268292       2.503347435184634E-002
 -2.212934563214980E-002 -0.370888535803649       7.709931588778477E-003
 -1.021389388400585E-002 -0.544021110889370       0.000000000000000E+000
 -1.585521233110400E-003  0.000000000000000E+000  0.000000000000000E+000
 -3.047251706281612E-003  1.550403608549970E-002  9.957437081419016E-004
 -2.874517923572602E-003  2.869544367430423E-002  3.381080436051372E-003
 -2.864251391581110E-003  4.038950638186099E-002  6.846951991051066E-003
 -3.051767396097821E-003  5.108932229753196E-002  1.128233609283892E-002
 -3.490511223884710E-003  6.103619587028976E-002  1.669903558666061E-002
 -4.248745383241713E-003  7.022575332417011E-002  2.316808548794536E-002
 -5.403531630836865E-003  7.840986043640454E-002  3.075832295349214E-002
 -7.028970492827104E-003  8.510231266500129E-002  3.946966788852539E-002
 -9.176827656974926E-003  8.960352542187922E-002  4.915841160954195E-002
 -1.184988162689087E-002  9.105286889427974E-002  5.945849454935998E-002
 -1.497198880532665E-002  8.850187072427565E-002  6.971016468770044E-002
 -1.836330360132100E-002  8.097157134071430E-002  7.891355540296810E-002
 -2.173226812040054E-002  6.740861144800357E-002  8.572759057988183E-002
 -2.469495809286042E-002  4.639067844586126E-002  8.853576671889105E-002
 -2.682487380890102E-002  1.538623912369928E-002  8.561273275909764E-002
 -2.772355037877114E-002 -3.052913911574930E-002  7.548024035762030E-002
 -2.709536186792171E-002 -0.100056071585312       5.766000235407703E-002
 -2.483514815232475E-002 -0.205349034102158       3.409818242775631E-002
 -2.118448206933883E-002 -0.356183773906499       1.110362485238726E-002
 -9.534984000430149E-003 -0.544021110889370       0.000000000000000E+000
 -1.862858424274532E-003  0.000000000000000E+000  0.000000000000000E+000
 -3.555408380982644E-003  1.348545892552468E-002  1.313819511436675E-003
 -3.302958207643161E-003  2.519185488939328E-002  4.505099245289577E-003
 -3.236554763441529E-003  3.566706044107321E-002  9.162361462090582E-003
 -3.385624855667969E-003  4.524270157666935E-002  1.509471702384254E-002
 -3.797509592139393E-003  5.406666486711804E-002  2.223936820020399E-002
 -4.532934554959185E-003  6.210923348647313E-002  3.058781775872885E-002
 -5.659368826567725E-003  6.916331096132519E-002  4.012065368378435E-002
 -7.239909766418276E-003  7.485344206984221E-002  5.074298540393939E-002
 -9.316382620960607E-003  7.866342072540278E-002  6.221741979311719E-002
 -1.188705440816751E-002  7.998491861365215E-002  7.409712740004383E-002
 -1.488195920605856E-002  7.817508919545446E-002  8.566656376199391E-002
 -1.814182588431915E-002  7.258385459321698E-002  9.590000192552660E-002
 -2.140876267634910E-002  6.246492098940307E-002  0.103447036063700     
 -2.433642754809243E-002  4.661321744239882E-002  0.106653069466740     
 -2.652230523759340E-002  2.249103902692103E-002  0.103639300623565     
 -2.755299556874351E-002 -1.536917897762115E-002  9.254749574845569E-002
 -2.704136111652914E-002 -7.738661175610365E-002  7.226174136189223E-002
 -2.466665900444261E-002 -0.179424361766927       4.416695409252966E-002
 -2.036253639361059E-002 -0.336790353376179       1.516776930284369E-002
 -8.872900591504359E-003 -0.544021110889370       0.000000000000000E+000
 -2.053226287250710E-003  0.000000000000000E+000  0.000000000000000E+000
 -3.906091488569490E-003  1.099893684021236E-002  1.511781864283255E-003
 -3.599956700024894E-003  2.084690172365686E-002  5.222034653393806E-003
 -3.490582501011112E-003  2.979988860331004E-002  1.067398186479963E-002
 -3.603504180289140E-003  3.801231555941934E-002  1.763439370914233E-002
 -3.982168218665981E-003  4.554309513541782E-002  2.598932358613429E-002
 -4.682218967739623E-003  5.234446784061274E-002  3.566847365988264E-002
 -5.764536129378607E-003  5.825469279122157E-002  4.658415336142556E-002
 -7.285208915526485E-003  6.300554655565466E-002  5.857517446390378E-002
 -9.281461453321805E-003  6.624938342573880E-002  7.135165601310500E-002
 -1.175375110319945E-002  6.760372492538511E-002  8.444147059751611E-002
 -1.464592327121471E-002  6.669899619881414E-002  9.714171290901540E-002
 -1.782707968948632E-002  6.319109903905970E-002  0.108477746516384     
 -2.108010051120982E-002  5.665554390680980E-002  0.117167304854174     
 -2.410177638223836E-002  4.619841388603503E-002  0.121581377827236     
 -2.651651066158058E-002  2.949181284200693E-002  0.119706306533746     
 -2.789418300724199E-002  8.484201459694474E-004  0.109203562200025     
 -2.773857581813613E-002 -5.167552992925226E-002  8.796402660474778E-002
 -2.543418535441255E-002 -0.148255062043254       5.611393933102797E-002
 -2.041965992065750E-002 -0.312016819814088       2.050851229431196E-002
 -8.590519386336207E-003 -0.544021110889370       0.000000000000000E+000
 -2.147412914515440E-003  0.000000000000000E+000  0.000000000000000E+000
 -4.083591799391006E-003  8.263424272133613E-003  1.571382101938516E-003
 -3.754514954253435E-003  1.602965488888120E-002  5.470338926346179E-003
 -3.619207763632014E-003  2.325470138532597E-002  1.126215003653916E-002
 -3.702535089290623E-003  2.992735985534041E-002  1.871516190045759E-002
 -4.047395076148741E-003  3.603258491636979E-002  2.769236804393184E-002
 -4.707659685550132E-003  4.151440371118038E-002  3.808343063956941E-002
 -5.741090362785701E-003  4.625661015733398E-002  4.975522694986023E-002
 -7.200724048308014E-003  5.008593941816780E-002  6.250909407924035E-002
 -9.123879781766261E-003  5.279712459178557E-002  7.604044661079445E-002
 -1.151878790889522E-002  5.419486171773852E-002  8.990052031273216E-002
 -1.434979669493188E-002  5.413881327659746E-002  0.103460445993098     
 -1.752284804436942E-002  5.255826264808361E-002  0.115873700160503     
 -2.087314868579854E-002  4.936128967854200E-002  0.126022907670083     
 -2.415659846749977E-002  4.407421576280540E-002  0.132422253019697     
 -2.704465950073706E-002  3.486885465410253E-002  0.133041940088236     
 -2.911163922270294E-002  1.637310095139819E-002  0.125091296262345     
 -2.976079430495548E-002 -2.429698888703352E-002  0.105151482101101     
 -2.799249089896901E-002 -0.111968847456342       7.105888665003801E-002
 -2.236427268637640E-002 -0.280676414044980       2.816592554009895E-002
 -9.192625422169079E-003 -0.544021110889370       0.000000000000000E+000
 -2.144098270624022E-003  0.000000000000000E+000  0.000000000000000E+000
 -4.086314997141052E-003  5.528597913871999E-003  1.469297337000251E-003
 -3.765359302437952E-003  1.115613378906473E-002  5.187667559066890E-003
 -3.619499073361857E-003  1.655506562920277E-002  1.081713946220632E-002
 -3.678671531874191E-003  2.158209755203778E-002  1.816861151582356E-002
 -3.989963538165122E-003  2.617482639629973E-002  2.710634148676385E-002
 -4.609278515105470E-003  3.028160893466052E-002  3.749977277843435E-002
 -5.594563245079865E-003  3.382902935152510E-002  4.919194682593470E-002
 -6.998991558680966E-003  3.672032689470428E-002  6.197278769981600E-002
 -8.863268721114847E-003  3.885795719225420E-002  7.555486288358980E-002
 -1.120701301711472E-002  4.018372554310180E-002  8.955235387720131E-002
 -1.401976523300991E-002  4.072581635108534E-002  0.103462521549198     
 -1.725220872018084E-002  4.062863736206851E-002  0.116642102928580     
 -2.080732050180330E-002  4.010699104757147E-002  0.128255968032605     
 -2.452931102118098E-002  3.917938146784112E-002  0.137148135614816     
 -2.818491786661046E-002  3.682276959932725E-002  0.141547403721745     
 -3.142058928364465E-002  2.873887813314849E-002  0.138514516154834     
 -3.362152960143634E-002  2.356879683081075E-003  0.123306179392805     
 -3.340433452844057E-002 -7.126950548231996E-002  9.021225252621252E-002
 -2.778254508882342E-002 -0.240957933164073       3.999334527103253E-002
 -1.155983211726182E-002 -0.544021110889370       0.000000000000000E+000
 -2.053333155215855E-003  0.000000000000000E+000  0.000000000000000E+000
 -3.931791079252468E-003  3.075756713068866E-003  1.181052738614918E-003
 -3.642180292944071E-003  6.681812763681462E-003  4.325387229239329E-003
 -3.490719438509622E-003  1.027375742857281E-002  9.260077845891586E-003
 -3.522130727554590E-003  1.363815783079558E-002  1.586257201123828E-002
 -3.793809890290270E-003  1.670142365376590E-002  2.401131940761436E-002
 -4.367476388717708E-003  1.942879837201022E-002  3.357040820920949E-002
 -5.303828134740203E-003  2.178359523594406E-002  4.437842254085925E-002
 -6.658064683932762E-003  2.372302336049267E-002  5.623659637829768E-002
 -8.475515463972821E-003  2.521755841440379E-002  6.889912830504080E-002
 -1.078767171301355E-002  2.628720305215713E-002  8.206953399133940E-002
 -1.360959254109788E-002  2.704906422527818E-002  9.540424358372465E-002
 -1.693967589845470E-002  2.776481616466235E-002  0.108517205961400     
 -2.076168733671763E-002  2.885525699224378E-002  0.120962362751684     
 -2.504588929371673E-002  3.078278007366237E-002  0.132134348295261     
 -2.973896795403927E-002  3.350247411408228E-002  0.140952973193116     
 -3.471365114498301E-002  3.461432528037481E-002  0.145068260527798     
 -3.958194225940048E-002  2.400527474161065E-002  0.139260976181504     
 -4.292991625213496E-002 -2.865601333462927E-002  0.113731928526308     
 -3.959219922292953E-002 -0.190464161518946       5.917507019627949E-002
 -1.762006377028224E-002 -0.544021110889370       0.000000000000000E+000
 -1.904186624215640E-003  0.000000000000000E+000  0.000000000000000E+000
 -3.667533139401491E-003  1.203210684627496E-003  7.077139298620423E-004
 -3.409510476655363E-003  3.077108681784920E-003  2.911434729818961E-003
 -3.234401324633604E-003  5.017880847209191E-003  6.625772461907133E-003
 -3.215493787473875E-003  6.830855990321884E-003  1.178615292728006E-002
 -3.426834809469044E-003  8.466990198332377E-003  1.828600185333262E-002
 -3.938721592822511E-003  9.914505801423890E-003  2.599783774816482E-002
 -4.815897905151400E-003  1.116284118244881E-002  3.477699040364200E-002
 -6.115975456154292E-003  1.219962113050916E-002  4.445836493867239E-002
 -7.887868892514062E-003  1.302501957920082E-002  5.485585909953448E-002
 -1.017138590372436E-002  1.367861026441887E-002  6.577168623510793E-002
 -1.300013318621393E-002  1.427814438105379E-002  7.702030970592068E-002
 -1.641080558304269E-002  1.507051819411044E-002  8.846715853882148E-002
 -2.046275161419645E-002  1.648984871367016E-002  0.100071046214704     
 -2.527200400648677E-002  1.918877102639917E-002  0.111889083914738     
 -3.106048083052311E-002  2.388885736677267E-002  0.123921120753793     
 -3.819814843348716E-002  3.043087514474913E-002  0.135454017776020     
 -4.711705117088552E-002  3.369321168457174E-002  0.143054612043582     
 -5.758943312327869E-002  8.816400502909485E-003  0.135711242284098     
 -6.400079060697730E-002 -0.127226004637886       8.940688055100990E-002
 -3.244807849262457E-002 -0.544021110889370       0.000000000000000E+000
 -1.755701469553539E-003  0.000000000000000E+000  0.000000000000000E+000
 -3.384923687147262E-003  1.643219832438975E-004  1.606823650135793E-004
 -3.109919873313589E-003  7.637542316296670E-004  1.203210684625425E-003
 -2.854708557412986E-003  1.399039231109289E-003  3.237791046796872E-003
 -2.734473524023030E-003  1.977928439371331E-003  6.221091531830291E-003
 -2.842855651056055E-003  2.489738832887178E-003  1.006864703711863E-002
 -3.258656135871379E-003  2.937809821705665E-003  1.468808173016316E-002
 -4.050232322896731E-003  3.323068045432833E-003  1.998315283854447E-002
 -5.276855462254055E-003  3.644154664579928E-003  2.585092291260712E-002
 -6.988503369605960E-003  3.904237117961246E-003  3.218277396903792E-002
 -9.226433143275333E-003  4.122752445763487E-003  3.887594249181499E-002
 -1.202793394156492E-002  4.353591921568997E-003  4.586138423345676E-002
 -1.544064536144354E-002  4.714079655883485E-003  5.315408687286503E-002
 -1.955603991654963E-002  5.433331616312649E-003  6.093190242756549E-002
 -2.458121050639943E-002  6.932705534555000E-003  6.964393558654489E-002
 -3.098955906894950E-002  9.937540252747862E-003  8.012067345398577E-002
 -3.983439756603746E-002  1.548083399049825E-002  9.353279295327105E-002
 -5.337095274697629E-002  2.374805023357411E-002  0.110551548598655     
 -7.604606655641975E-002  2.499171815805930E-002  0.127226004637869     
 -0.115199796708256      -5.475291923476437E-002  0.119367949101639     
 -7.000114637182393E-002 -0.544021110889370       0.000000000000000E+000
 -3.382502954143900E-003  0.000000000000000E+000  0.000000000000000E+000
 -3.253629386072275E-003  0.000000000000000E+000  0.000000000000000E+000
 -2.949887233340909E-003  0.000000000000000E+000  0.000000000000000E+000
 -2.634694577671807E-003  0.000000000000000E+000  0.000000000000000E+000
 -2.446964237971180E-003  0.000000000000000E+000  0.000000000000000E+000
 -2.490118387371239E-003  0.000000000000000E+000  0.000000000000000E+000
 -2.846694587896667E-003  0.000000000000000E+000  0.000000000000000E+000
 -3.586508214990652E-003  0.000000000000000E+000  0.000000000000000E+000
 -4.769374117985193E-003  0.000000000000000E+000  0.000000000000000E+000
 -6.445077907916984E-003  0.000000000000000E+000  0.000000000000000E+000
 -8.653595883391201E-003  0.000000000000000E+000  0.000000000000000E+000
 -1.142945728600729E-002  0.000000000000000E+000  0.000000000000000E+000
 -1.481654445730057E-002  0.000000000000000E+000  0.000000000000000E+000
 -1.890557427891451E-002  0.000000000000000E+000  0.000000000000000E+000
 -2.392178244802866E-002  0.000000000000000E+000  0.000000000000000E+000
 -3.043079817363440E-002  0.000000000000000E+000  0.000000000000000E+000
 -3.983761843053679E-002  0.000000000000000E+000  0.000000000000000E+000
 -5.560266639561005E-002  0.000000000000000E+000  0.000000000000000E+000
 -8.580142555748990E-002  0.000000000000000E+000  0.000000000000000E+000
 -0.149974041483927       0.000000000000000E+000  0.000000000000000E+000
 -0.194034855322206       0.000000000000000E+000  0.000000000000000E+000
